1.0	0.0	1.0	0.0	0.0	2.0	1.0	0	0	0	0	1	000-0.png
2.0	0.0	2.0	2.0	2.0	0.0	1.0	1	1	1	1	1	000-1.png
1.0	0.0	2.0	2.0	2.0	2.0	1.0	1	1	0	1	1	000-10.png
2.0	0.0	2.0	2.0	2.0	2.0	6.0	0	1	1	1	1	000-11.png
2.0	0.0	2.0	2.0	2.0	2.0	1.0	0	0	1	0	0	000-12.png
2.0	0.0	2.0	2.0	2.0	2.0	1.0	1	1	1	1	1	000-13.png
0.0	0.0	2.0	0.0	2.0	2.0	1.0	0	1	0	1	0	000-14.png
2.0	0.0	2.0	0.0	2.0	2.0	1.0	1	1	0	1	0	000-15.png
2.0	0.0	2.0	0.0	2.0	2.0	6.0	0	1	0	1	0	000-16.png
2.0	0.0	2.0	0.0	2.0	2.0	1.0	1	1	1	1	0	000-17.png
2.0	0.0	2.0	0.0	2.0	2.0	1.0	0	0	1	0	1	000-18.png
1.0	0.0	2.0	0.0	2.0	2.0	1.0	1	1	0	1	0	000-19.png
2.0	0.0	2.0	2.0	2.0	0.0	1.0	1	1	1	1	1	000-2.png
2.0	0.0	2.0	2.0	2.0	2.0	1.0	1	1	1	1	1	000-20.png
1.0	0.0	2.0	0.0	2.0	2.0	1.0	1	1	0	1	0	000-21.png
1.0	0.0	2.0	0.0	2.0	2.0	1.0	0	0	0	0	1	000-22.png
1.0	0.0	2.0	0.0	2.0	2.0	1.0	1	1	1	1	0	000-23.png
1.0	0.0	2.0	0.0	2.0	2.0	1.0	1	1	0	1	0	000-24.png
2.0	0.0	2.0	0.0	2.0	2.0	1.0	1	1	0	1	0	000-25.png
2.0	0.0	2.0	0.0	2.0	2.0	1.0	1	1	1	1	0	000-26.png
1.0	0.0	2.0	0.0	2.0	2.0	1.0	1	1	1	1	0	000-27.png
2.0	0.0	2.0	0.0	2.0	2.0	1.0	1	1	0	1	0	000-28.png
2.0	1.0	2.0	2.0	2.0	2.0	6.0	0	0	1	0	1	000-29.png
1.0	0.0	2.0	2.0	2.0	2.0	1.0	1	1	1	1	1	000-3.png
2.0	0.0	1.0	0.0	0.0	0.0	1.0	0	1	0	0	1	000-30.png
1.0	0.0	1.0	0.0	2.0	2.0	0.0	0	1	0	1	0	000-31.png
2.0	0.0	2.0	0.0	2.0	2.0	1.0	1	1	0	1	0	000-32.png
2.0	0.0	1.0	0.0	0.0	2.0	1.0	1	1	0	1	0	000-33.png
2.0	0.0	2.0	2.0	0.0	2.0	0.0	0	1	0	1	0	000-34.png
1.0	0.0	2.0	0.0	2.0	2.0	1.0	1	1	0	1	0	000-35.png
2.0	0.0	2.0	0.0	0.0	2.0	1.0	1	1	0	1	0	000-36.png
2.0	0.0	1.0	0.0	0.0	2.0	0.0	1	0	1	0	1	000-37.png
1.0	0.0	1.0	0.0	0.0	2.0	1.0	1	1	0	1	0	000-38.png
1.0	0.0	1.0	0.0	0.0	2.0	1.0	1	1	0	1	0	000-39.png
2.0	1.0	0.0	2.0	2.0	2.0	1.0	1	0	1	1	1	000-4.png
1.0	0.0	1.0	0.0	2.0	2.0	0.0	0	1	0	1	0	000-40.png
0.0	0.0	1.0	0.0	0.0	2.0	1.0	0	1	0	1	0	000-41.png
2.0	0.0	1.0	0.0	2.0	2.0	1.0	0	0	1	0	1	000-42.png
2.0	0.0	1.0	0.0	2.0	2.0	0.0	0	1	0	1	0	000-43.png
2.0	0.0	1.0	0.0	2.0	2.0	1.0	0	0	0	0	1	000-44.png
2.0	0.0	1.0	0.0	0.0	1.0	1.0	1	1	1	1	0	000-45.png
1.0	0.0	1.0	0.0	0.0	2.0	1.0	1	1	0	1	0	000-46.png
0.0	0.0	1.0	0.0	0.0	2.0	1.0	0	1	1	1	0	000-47.png
0.0	0.0	1.0	0.0	2.0	2.0	1.0	0	1	0	1	0	000-48.png
2.0	0.0	1.0	0.0	0.0	2.0	1.0	0	0	0	0	1	000-49.png
1.0	1.0	2.0	2.0	2.0	2.0	1.0	1	0	1	1	1	000-5.png
2.0	0.0	1.0	0.0	2.0	1.0	1.0	1	1	1	1	0	000-50.png
0.0	0.0	1.0	0.0	0.0	1.0	0.0	0	1	0	1	0	000-51.png
2.0	0.0	1.0	0.0	2.0	1.0	0.0	0	1	0	1	0	000-52.png
2.0	0.0	1.0	0.0	0.0	1.0	1.0	1	1	0	1	0	000-53.png
0.0	0.0	1.0	0.0	0.0	1.0	0.0	1	0	1	0	1	000-54.png
1.0	0.0	1.0	0.0	0.0	1.0	0.0	0	1	0	1	0	000-55.png
2.0	0.0	1.0	0.0	0.0	1.0	1.0	1	1	0	1	0	000-56.png
2.0	0.0	2.0	0.0	2.0	1.0	1.0	1	1	0	1	0	000-57.png
0.0	0.0	1.0	0.0	0.0	2.0	1.0	0	1	0	1	0	000-58.png
2.0	0.0	2.0	2.0	2.0	2.0	1.0	1	1	1	1	1	000-6.png
1.0	0.0	2.0	2.0	2.0	2.0	1.0	1	1	1	1	1	000-7.png
2.0	0.0	2.0	0.0	2.0	2.0	1.0	0	0	1	0	1	000-8.png
1.0	0.0	2.0	2.0	2.0	2.0	1.0	1	1	1	1	1	000-9.png
2.0	0.0	2.0	0.0	0.0	1.0	1.0	1	1	0	1	0	001-0.png
2.0	0.0	1.0	0.0	2.0	1.0	1.0	1	1	0	1	0	001-1.png
2.0	0.0	1.0	0.0	0.0	0.0	4.0	0	1	0	1	0	002-0.png
2.0	0.0	0.0	2.0	2.0	2.0	2.0	1	1	1	1	1	003-0.png
0.0	0.0	0.0	2.0	1.0	1.0	2.0	0	1	0	1	1	003-1.png
1.0	0.0	1.0	0.0	2.0	1.0	3.0	0	0	0	0	1	004-0.png
0.0	1.0	0.0	2.0	1.0	2.0	6.0	0	0	1	0	1	005-0.png
2.0	1.0	0.0	2.0	1.0	2.0	6.0	0	0	0	0	1	005-1.png
2.0	1.0	0.0	1.0	1.0	2.0	2.0	1	0	1	1	1	006-0.png
0.0	1.0	2.0	2.0	2.0	2.0	1.0	0	0	1	1	1	007-0.png
2.0	1.0	0.0	2.0	2.0	2.0	1.0	1	0	1	1	1	007-1.png
0.0	0.0	2.0	2.0	2.0	1.0	3.0	1	0	1	0	0	008-0.png
2.0	0.0	2.0	2.0	1.0	1.0	3.0	1	1	0	1	1	008-1.png
2.0	0.0	2.0	0.0	2.0	2.0	3.0	1	1	0	1	0	009-0.png
2.0	0.0	2.0	0.0	2.0	2.0	2.0	1	1	0	1	0	009-1.png
2.0	0.0	2.0	2.0	2.0	0.0	5.0	1	1	1	1	1	010-0.png
2.0	0.0	2.0	2.0	2.0	0.0	6.0	1	0	1	0	0	010-1.png
0.0	0.0	2.0	0.0	2.0	1.0	6.0	1	0	0	0	1	011-0.png
0.0	0.0	2.0	2.0	0.0	1.0	6.0	0	1	0	1	0	011-1.png
2.0	1.0	2.0	2.0	0.0	2.0	2.0	1	0	0	1	0	012-0.png
2.0	0.0	2.0	2.0	2.0	2.0	3.0	1	1	1	1	1	012-1.png
2.0	0.0	0.0	2.0	1.0	2.0	3.0	1	1	1	1	1	014-0.png
2.0	1.0	0.0	1.0	1.0	2.0	3.0	1	0	0	1	1	014-1.png
0.0	0.0	0.0	2.0	2.0	1.0	3.0	1	0	1	0	0	015-0.png
2.0	1.0	2.0	2.0	0.0	2.0	2.0	1	0	0	1	0	016-0.png
2.0	1.0	0.0	2.0	0.0	2.0	2.0	1	0	0	1	0	016-1.png
0.0	1.0	0.0	2.0	2.0	2.0	2.0	0	0	1	1	1	016-2.png
2.0	0.0	0.0	2.0	1.0	0.0	2.0	1	1	0	1	1	017-0.png
1.0	1.0	0.0	1.0	1.0	0.0	2.0	1	0	0	1	1	017-1.png
2.0	0.0	0.0	1.0	1.0	0.0	2.0	1	1	1	1	1	017-2.png
2.0	0.0	2.0	0.0	2.0	1.0	2.0	0	0	1	1	1	018-0.png
2.0	1.0	2.0	2.0	2.0	1.0	2.0	1	0	1	1	1	018-1.png
0.0	1.0	0.0	2.0	1.0	0.0	3.0	0	0	0	1	1	019-0.png
0.0	1.0	0.0	2.0	1.0	0.0	3.0	0	0	0	1	1	019-1.png
0.0	1.0	0.0	2.0	1.0	0.0	3.0	0	0	0	1	1	019-2.png
2.0	0.0	2.0	0.0	2.0	2.0	1.0	1	1	0	1	0	020-0.png
2.0	1.0	2.0	2.0	1.0	1.0	4.0	1	1	1	0	0	021-0.png
0.0	0.0	2.0	2.0	1.0	2.0	3.0	0	1	0	1	1	022-0.png
0.0	1.0	2.0	0.0	2.0	2.0	3.0	0	0	0	1	0	023-0.png
0.0	0.0	0.0	2.0	2.0	2.0	5.0	0	1	1	1	1	024-0.png
1.0	0.0	1.0	0.0	2.0	1.0	2.0	1	1	0	1	0	025-0.png
1.0	0.0	1.0	0.0	2.0	1.0	2.0	1	1	0	1	0	025-1.png
2.0	0.0	1.0	0.0	2.0	1.0	2.0	1	1	0	1	0	025-2.png
1.0	0.0	2.0	0.0	2.0	1.0	2.0	0	0	1	0	1	025-3.png
1.0	0.0	1.0	0.0	2.0	1.0	2.0	1	1	0	1	0	025-4.png
2.0	1.0	2.0	2.0	1.0	0.0	2.0	1	0	0	1	1	026-0.png
2.0	0.0	2.0	2.0	1.0	0.0	3.0	1	1	1	1	1	026-1.png
0.0	0.0	0.0	2.0	1.0	0.0	2.0	1	0	0	0	0	026-2.png
1.0	1.0	0.0	2.0	1.0	0.0	2.0	1	0	0	1	1	026-3.png
2.0	0.0	0.0	2.0	1.0	0.0	2.0	1	1	1	1	1	026-4.png
2.0	0.0	1.0	0.0	2.0	1.0	1.0	1	1	0	1	0	027-0.png
2.0	0.0	2.0	2.0	1.0	1.0	3.0	1	1	0	1	1	028-0.png
2.0	0.0	2.0	2.0	2.0	1.0	6.0	0	1	1	1	1	029-0.png
2.0	0.0	0.0	2.0	2.0	1.0	6.0	1	0	1	0	0	030-0.png
0.0	0.0	0.0	1.0	1.0	1.0	2.0	0	1	0	1	1	031-0.png
0.0	0.0	2.0	2.0	2.0	2.0	6.0	0	1	1	1	1	032-0.png
2.0	0.0	2.0	2.0	1.0	0.0	5.0	1	1	0	1	1	033-0.png
0.0	0.0	1.0	0.0	2.0	1.0	2.0	1	0	1	0	1	034-0.png
2.0	0.0	2.0	0.0	2.0	0.0	6.0	0	1	0	1	0	035-0.png
2.0	0.0	2.0	2.0	2.0	2.0	1.0	1	1	1	1	1	036-0.png
2.0	0.0	2.0	0.0	2.0	1.0	2.0	1	1	0	1	0	037-0.png
1.0	0.0	1.0	0.0	0.0	1.0	2.0	1	1	0	1	0	037-1.png
2.0	1.0	2.0	0.0	2.0	1.0	2.0	0	1	0	0	1	037-2.png
1.0	0.0	2.0	0.0	2.0	1.0	2.0	1	1	0	1	0	037-3.png
1.0	0.0	2.0	0.0	2.0	1.0	2.0	1	1	1	1	0	037-4.png
2.0	1.0	0.0	2.0	1.0	1.0	6.0	0	0	0	0	1	038-0.png
0.0	1.0	2.0	2.0	2.0	1.0	4.0	0	0	1	1	1	039-0.png
2.0	0.0	2.0	2.0	1.0	2.0	4.0	0	1	0	1	1	040-0.png
2.0	0.0	0.0	2.0	1.0	2.0	4.0	0	1	0	1	1	041-0.png
0.0	1.0	2.0	0.0	2.0	0.0	6.0	1	1	0	1	1	042-0.png
0.0	1.0	0.0	2.0	1.0	2.0	3.0	0	0	0	1	1	043-0.png
0.0	0.0	2.0	2.0	1.0	1.0	3.0	0	1	0	1	1	044-0.png
2.0	0.0	0.0	1.0	2.0	0.0	3.0	1	1	1	1	1	045-0.png
2.0	1.0	1.0	0.0	2.0	2.0	2.0	1	1	0	1	0	046-0.png
0.0	1.0	0.0	2.0	2.0	1.0	6.0	1	1	1	1	0	047-0.png
0.0	0.0	2.0	0.0	2.0	0.0	0.0	0	1	0	1	0	048-0.png
2.0	1.0	2.0	0.0	2.0	0.0	6.0	0	0	0	0	0	049-0.png
0.0	0.0	2.0	2.0	1.0	2.0	1.0	0	1	0	1	1	050-0.png
1.0	0.0	0.0	2.0	1.0	0.0	3.0	1	1	0	1	1	051-0.png
2.0	1.0	0.0	2.0	1.0	0.0	5.0	0	1	1	0	0	052-0.png
2.0	0.0	0.0	1.0	1.0	0.0	1.0	1	1	0	1	1	053-0.png
2.0	1.0	0.0	2.0	1.0	2.0	1.0	1	0	0	1	1	054-0.png
0.0	0.0	1.0	0.0	1.0	1.0	4.0	0	1	0	1	0	055-0.png
2.0	1.0	0.0	2.0	1.0	1.0	1.0	1	0	1	1	1	056-0.png
0.0	0.0	0.0	2.0	1.0	0.0	1.0	0	1	0	1	1	058-0.png
0.0	0.0	0.0	2.0	1.0	0.0	1.0	1	0	0	0	0	058-1.png
0.0	1.0	0.0	2.0	1.0	0.0	1.0	0	0	1	1	1	058-2.png
0.0	1.0	0.0	1.0	1.0	0.0	1.0	0	0	0	1	1	058-3.png
0.0	0.0	0.0	2.0	1.0	0.0	2.0	0	1	1	1	1	059-0.png
0.0	0.0	0.0	2.0	1.0	0.0	2.0	1	0	0	0	0	059-1.png
2.0	0.0	0.0	1.0	1.0	0.0	2.0	1	1	0	1	1	059-2.png
0.0	0.0	0.0	2.0	1.0	0.0	2.0	1	0	1	0	0	059-3.png
0.0	0.0	2.0	0.0	2.0	2.0	2.0	0	1	0	1	0	060-0.png
0.0	0.0	1.0	0.0	2.0	2.0	2.0	0	1	1	1	0	060-1.png
2.0	0.0	2.0	0.0	2.0	2.0	2.0	1	1	0	1	0	060-2.png
0.0	0.0	1.0	0.0	2.0	2.0	2.0	0	1	0	1	0	060-3.png
0.0	0.0	0.0	2.0	1.0	2.0	2.0	1	0	0	0	0	061-0.png
0.0	1.0	0.0	2.0	2.0	2.0	2.0	0	0	1	1	1	061-1.png
2.0	1.0	2.0	2.0	2.0	2.0	2.0	1	0	1	1	1	061-2.png
2.0	1.0	2.0	2.0	0.0	2.0	2.0	1	0	0	1	0	061-3.png
1.0	1.0	2.0	0.0	0.0	1.0	2.0	1	0	1	1	0	062-0.png
0.0	0.0	1.0	0.0	0.0	1.0	2.0	1	0	0	0	1	062-1.png
2.0	0.0	1.0	0.0	0.0	1.0	6.0	0	1	0	1	0	062-2.png
0.0	0.0	2.0	0.0	0.0	2.0	6.0	0	1	0	1	0	063-0.png
0.0	0.0	2.0	0.0	2.0	2.0	6.0	0	1	0	1	0	063-1.png
0.0	0.0	2.0	0.0	2.0	2.0	6.0	0	1	0	1	0	063-2.png
0.0	0.0	2.0	0.0	2.0	2.0	2.0	0	1	0	1	0	064-0.png
1.0	1.0	2.0	0.0	2.0	2.0	2.0	0	1	1	0	1	064-1.png
2.0	1.0	2.0	0.0	2.0	2.0	2.0	1	0	0	1	0	064-2.png
2.0	1.0	2.0	0.0	2.0	2.0	6.0	0	0	0	0	0	064-3.png
2.0	0.0	2.0	2.0	2.0	1.0	5.0	1	1	1	1	1	065-0.png
0.0	0.0	2.0	2.0	1.0	1.0	1.0	0	1	0	1	1	065-1.png
0.0	1.0	2.0	0.0	0.0	1.0	2.0	1	1	0	0	1	066-0.png
0.0	1.0	2.0	0.0	0.0	1.0	3.0	0	0	0	1	0	066-1.png
0.0	0.0	2.0	2.0	2.0	2.0	1.0	0	1	1	1	1	067-0.png
2.0	1.0	0.0	2.0	1.0	0.0	2.0	1	0	0	1	1	068-0.png
2.0	1.0	1.0	0.0	1.0	2.0	1.0	1	1	0	1	0	069-0.png
2.0	1.0	2.0	0.0	2.0	2.0	3.0	0	1	1	0	1	070-0.png
2.0	1.0	0.0	2.0	1.0	0.0	4.0	0	0	0	1	1	071-0.png
0.0	0.0	1.0	0.0	2.0	1.0	3.0	0	1	0	1	0	072-0.png
2.0	1.0	0.0	1.0	1.0	0.0	4.0	0	0	0	1	1	073-0.png
0.0	1.0	0.0	2.0	1.0	0.0	2.0	0	0	1	1	1	074-0.png
0.0	0.0	2.0	2.0	1.0	0.0	5.0	1	0	1	0	0	075-0.png
0.0	0.0	1.0	0.0	2.0	2.0	3.0	0	1	0	1	0	076-0.png
0.0	0.0	2.0	0.0	2.0	1.0	2.0	0	1	0	1	0	077-0.png
1.0	1.0	0.0	1.0	1.0	0.0	3.0	1	0	0	1	1	078-0.png
0.0	1.0	0.0	2.0	2.0	1.0	6.0	1	1	1	1	0	079-0.png
2.0	1.0	0.0	2.0	2.0	1.0	3.0	1	0	1	1	1	080-0.png
0.0	1.0	2.0	2.0	1.0	2.0	3.0	1	1	0	0	0	081-0.png
1.0	1.0	2.0	2.0	1.0	1.0	6.0	0	0	0	0	1	081-1.png
2.0	0.0	0.0	2.0	1.0	2.0	3.0	1	1	1	1	1	082-0.png
0.0	0.0	2.0	2.0	0.0	2.0	6.0	0	1	0	1	0	083-0.png
0.0	0.0	0.0	2.0	2.0	2.0	2.0	0	1	1	1	1	084-0.png
0.0	1.0	0.0	2.0	2.0	1.0	2.0	1	1	1	0	0	084-1.png
0.0	0.0	1.0	0.0	2.0	2.0	6.0	0	1	0	1	0	085-0.png
0.0	0.0	1.0	0.0	0.0	2.0	6.0	0	1	0	1	0	085-1.png
0.0	0.0	1.0	0.0	0.0	2.0	6.0	0	1	0	1	0	085-2.png
0.0	0.0	1.0	0.0	0.0	2.0	6.0	1	0	0	0	1	085-3.png
0.0	0.0	1.0	0.0	0.0	2.0	6.0	0	1	1	1	0	085-4.png
0.0	0.0	1.0	0.0	0.0	2.0	6.0	0	1	0	1	0	085-5.png
0.0	1.0	2.0	2.0	2.0	2.0	3.0	0	0	1	1	1	086-0.png
2.0	0.0	1.0	0.0	0.0	1.0	2.0	1	1	0	1	0	087-0.png
2.0	0.0	1.0	0.0	0.0	1.0	3.0	0	0	0	0	1	087-1.png
2.0	0.0	1.0	0.0	0.0	1.0	3.0	1	1	1	1	0	087-2.png
2.0	0.0	0.0	2.0	2.0	2.0	2.0	1	1	1	1	1	088-0.png
0.0	1.0	0.0	2.0	1.0	2.0	2.0	0	0	0	1	1	088-1.png
2.0	1.0	0.0	2.0	1.0	2.0	2.0	1	0	0	1	1	088-2.png
2.0	1.0	2.0	2.0	1.0	2.0	3.0	1	0	1	1	1	089-0.png
0.0	1.0	0.0	2.0	1.0	2.0	3.0	1	1	0	0	0	089-1.png
2.0	1.0	2.0	2.0	1.0	2.0	3.0	1	0	0	1	1	089-2.png
0.0	0.0	2.0	0.0	2.0	1.0	2.0	0	1	1	1	0	090-0.png
2.0	0.0	1.0	0.0	2.0	1.0	2.0	1	1	0	1	0	090-1.png
2.0	0.0	2.0	0.0	2.0	1.0	6.0	0	1	1	1	0	090-2.png
2.0	0.0	1.0	0.0	0.0	0.0	6.0	0	1	0	1	0	091-0.png
2.0	0.0	1.0	0.0	2.0	0.0	1.0	0	0	0	0	1	091-2.png
0.0	1.0	2.0	2.0	1.0	2.0	6.0	0	0	0	0	1	092-0.png
0.0	1.0	2.0	2.0	2.0	2.0	2.0	0	0	1	1	1	092-1.png
2.0	1.0	2.0	2.0	2.0	0.0	2.0	1	0	1	1	1	092-2.png
2.0	0.0	0.0	2.0	1.0	0.0	4.0	1	0	1	0	0	093-0.png
2.0	1.0	0.0	2.0	1.0	0.0	4.0	0	0	1	1	1	093-1.png
2.0	0.0	0.0	2.0	1.0	0.0	4.0	0	1	0	1	1	093-2.png
0.0	1.0	0.0	2.0	1.0	2.0	6.0	0	0	0	0	1	094-0.png
0.0	0.0	0.0	2.0	2.0	2.0	6.0	1	0	1	0	0	094-1.png
2.0	0.0	0.0	2.0	2.0	2.0	6.0	0	1	1	1	1	094-2.png
2.0	0.0	2.0	2.0	2.0	1.0	4.0	0	1	1	1	1	095-0.png
1.0	1.0	2.0	0.0	2.0	2.0	4.0	1	1	0	0	1	095-1.png
0.0	1.0	0.0	2.0	1.0	2.0	2.0	0	0	0	1	1	096-0.png
0.0	0.0	2.0	2.0	2.0	0.0	6.0	0	1	1	1	1	097-0.png
0.0	0.0	2.0	0.0	2.0	1.0	3.0	0	1	0	1	0	098-0.png
0.0	1.0	1.0	0.0	0.0	1.0	4.0	0	1	1	1	0	099-0.png
0.0	0.0	2.0	0.0	2.0	0.0	1.0	1	0	0	0	1	100-0.png
2.0	0.0	2.0	2.0	1.0	0.0	5.0	1	1	0	1	1	102-0.png
0.0	0.0	2.0	2.0	1.0	0.0	5.0	0	1	0	1	1	102-1.png
0.0	0.0	2.0	0.0	2.0	1.0	5.0	0	1	0	1	0	103-0.png
0.0	0.0	2.0	0.0	1.0	1.0	3.0	1	0	0	0	1	104-0.png
0.0	1.0	0.0	1.0	1.0	1.0	2.0	0	0	0	1	1	105-0.png
0.0	0.0	2.0	0.0	2.0	1.0	2.0	0	1	1	1	0	106-0.png
0.0	0.0	2.0	0.0	1.0	2.0	1.0	0	1	0	1	0	107-0.png
0.0	0.0	1.0	0.0	2.0	2.0	1.0	0	1	0	1	0	107-1.png
0.0	0.0	1.0	0.0	2.0	2.0	1.0	1	0	0	0	1	107-2.png
2.0	0.0	1.0	0.0	2.0	2.0	1.0	1	1	0	1	0	107-3.png
0.0	1.0	0.0	2.0	1.0	0.0	6.0	0	0	0	0	1	108-0.png
2.0	0.0	0.0	2.0	1.0	0.0	2.0	1	1	0	1	1	108-1.png
0.0	0.0	0.0	2.0	1.0	0.0	2.0	0	1	1	1	1	108-2.png
0.0	0.0	0.0	2.0	1.0	0.0	2.0	1	0	0	0	0	108-3.png
0.0	0.0	2.0	0.0	2.0	1.0	6.0	0	1	0	1	0	109-0.png
0.0	0.0	2.0	2.0	2.0	2.0	6.0	0	1	1	1	1	109-1.png
2.0	0.0	2.0	0.0	2.0	1.0	6.0	0	1	0	1	0	109-2.png
2.0	0.0	1.0	0.0	2.0	2.0	6.0	0	1	1	1	0	109-3.png
2.0	0.0	1.0	0.0	0.0	2.0	5.0	0	0	0	0	1	110-0.png
2.0	1.0	2.0	0.0	2.0	2.0	6.0	0	0	0	0	0	110-1.png
1.0	0.0	2.0	0.0	0.0	2.0	6.0	0	1	0	1	0	110-2.png
2.0	0.0	1.0	0.0	0.0	2.0	6.0	0	1	1	1	0	110-3.png
0.0	1.0	0.0	2.0	1.0	0.0	6.0	0	0	0	0	1	111-0.png
2.0	1.0	2.0	2.0	1.0	0.0	6.0	0	0	0	0	1	111-1.png
2.0	0.0	2.0	2.0	1.0	0.0	6.0	0	1	1	1	1	111-2.png
0.0	0.0	2.0	2.0	2.0	0.0	6.0	1	0	1	0	0	111-3.png
0.0	1.0	2.0	2.0	2.0	2.0	6.0	0	0	1	0	1	112-0.png
2.0	0.0	2.0	2.0	2.0	2.0	6.0	0	1	1	1	1	112-1.png
0.0	0.0	2.0	0.0	2.0	2.0	6.0	0	1	0	1	0	112-2.png
2.0	1.0	2.0	2.0	2.0	2.0	5.0	0	1	1	0	0	112-3.png
2.0	0.0	2.0	0.0	2.0	2.0	6.0	0	1	0	1	0	113-0.png
0.0	0.0	2.0	0.0	0.0	2.0	6.0	1	0	0	0	1	113-1.png
2.0	0.0	2.0	2.0	0.0	2.0	6.0	0	1	0	1	0	113-2.png
0.0	0.0	2.0	0.0	0.0	2.0	6.0	0	1	0	1	0	113-3.png
0.0	0.0	2.0	2.0	1.0	2.0	5.0	0	1	0	1	1	114-0.png
0.0	0.0	2.0	2.0	2.0	2.0	5.0	0	1	1	1	1	114-1.png
2.0	0.0	2.0	2.0	2.0	2.0	5.0	0	0	1	0	0	114-2.png
2.0	1.0	2.0	2.0	2.0	2.0	5.0	1	0	1	1	1	114-3.png
0.0	0.0	2.0	2.0	1.0	2.0	4.0	0	1	0	1	1	115-0.png
0.0	0.0	0.0	2.0	1.0	0.0	2.0	0	1	0	1	1	116-0.png
0.0	0.0	2.0	2.0	2.0	0.0	6.0	0	1	1	1	1	117-0.png
0.0	0.0	0.0	2.0	1.0	0.0	6.0	1	0	0	0	0	117-1.png
0.0	0.0	0.0	2.0	1.0	0.0	6.0	0	1	0	1	1	117-2.png
0.0	0.0	0.0	2.0	1.0	0.0	6.0	0	1	1	1	1	117-3.png
2.0	0.0	1.0	0.0	2.0	2.0	4.0	0	1	0	1	0	118-0.png
0.0	0.0	1.0	0.0	2.0	2.0	4.0	1	0	0	0	1	118-1.png
0.0	0.0	2.0	2.0	1.0	2.0	4.0	0	1	0	1	1	118-2.png
0.0	0.0	1.0	0.0	2.0	2.0	4.0	0	1	1	1	0	118-3.png
2.0	0.0	1.0	0.0	2.0	2.0	4.0	0	1	0	1	0	118-4.png
2.0	0.0	1.0	0.0	2.0	2.0	3.0	0	0	0	0	1	118-5.png
0.0	0.0	1.0	0.0	2.0	2.0	3.0	0	1	1	1	0	118-6.png
2.0	1.0	2.0	0.0	2.0	2.0	1.0	1	0	0	1	0	119-0.png
0.0	1.0	2.0	0.0	2.0	2.0	1.0	0	0	0	1	0	119-1.png
2.0	0.0	2.0	2.0	2.0	2.0	5.0	1	1	1	1	1	120-0.png
1.0	0.0	2.0	2.0	2.0	1.0	6.0	0	1	1	1	1	121-0.png
2.0	1.0	0.0	1.0	1.0	2.0	5.0	0	1	0	0	0	121-1.png
2.0	1.0	0.0	1.0	1.0	2.0	3.0	1	0	0	1	1	122-0.png
2.0	0.0	2.0	0.0	2.0	2.0	4.0	0	1	1	1	0	123-0.png
0.0	0.0	2.0	0.0	2.0	2.0	4.0	0	1	0	1	0	123-1.png
0.0	0.0	2.0	0.0	2.0	2.0	3.0	1	0	0	0	1	123-2.png
2.0	0.0	2.0	0.0	2.0	2.0	3.0	1	1	0	1	0	123-3.png
2.0	0.0	1.0	0.0	2.0	2.0	3.0	1	1	1	1	0	123-4.png
2.0	0.0	0.0	2.0	1.0	1.0	5.0	1	1	0	1	1	124-0.png
2.0	0.0	2.0	2.0	1.0	1.0	5.0	0	0	0	0	0	124-1.png
2.0	0.0	2.0	2.0	1.0	1.0	5.0	1	1	1	1	1	124-2.png
2.0	0.0	2.0	2.0	1.0	1.0	5.0	1	1	0	1	1	124-3.png
2.0	1.0	0.0	2.0	2.0	2.0	2.0	1	0	1	1	1	125-0.png
2.0	1.0	0.0	2.0	2.0	2.0	2.0	1	0	1	1	1	125-1.png
2.0	1.0	0.0	2.0	2.0	2.0	2.0	0	1	1	0	0	125-2.png
2.0	1.0	0.0	2.0	2.0	2.0	2.0	1	0	1	1	1	125-3.png
2.0	0.0	2.0	2.0	1.0	2.0	6.0	0	1	0	1	1	126-0.png
1.0	0.0	0.0	2.0	1.0	2.0	6.0	0	1	1	1	1	126-1.png
2.0	0.0	0.0	2.0	1.0	2.0	6.0	1	0	0	0	0	126-2.png
2.0	1.0	2.0	2.0	2.0	2.0	6.0	0	0	1	0	1	126-3.png
2.0	0.0	0.0	2.0	1.0	2.0	6.0	0	1	0	1	1	126-4.png
2.0	0.0	2.0	2.0	2.0	2.0	1.0	1	1	1	1	1	127-0.png
2.0	0.0	2.0	2.0	2.0	1.0	1.0	1	1	1	1	1	127-1.png
2.0	1.0	2.0	0.0	2.0	1.0	1.0	0	1	0	0	1	127-2.png
2.0	1.0	0.0	1.0	1.0	1.0	1.0	1	0	0	1	1	128-0.png
0.0	0.0	0.0	1.0	1.0	1.0	1.0	0	1	1	1	1	128-1.png
2.0	1.0	0.0	1.0	1.0	1.0	1.0	1	0	0	1	1	128-2.png
2.0	0.0	0.0	1.0	1.0	1.0	1.0	1	1	0	1	1	128-3.png
2.0	1.0	0.0	1.0	1.0	1.0	1.0	0	1	0	0	0	128-4.png
2.0	0.0	0.0	1.0	1.0	1.0	5.0	1	1	0	1	1	129-0.png
2.0	0.0	0.0	1.0	1.0	2.0	5.0	1	1	0	1	1	129-1.png
2.0	1.0	0.0	1.0	2.0	2.0	5.0	1	0	1	1	1	129-2.png
0.0	1.0	0.0	1.0	1.0	1.0	5.0	0	0	0	1	1	129-3.png
2.0	0.0	0.0	2.0	2.0	2.0	4.0	0	1	1	1	1	130-0.png
0.0	1.0	2.0	0.0	2.0	2.0	4.0	1	1	0	0	1	130-1.png
0.0	1.0	2.0	2.0	2.0	2.0	4.0	0	0	1	1	1	130-2.png
1.0	1.0	2.0	2.0	2.0	2.0	4.0	0	0	1	1	1	130-3.png
2.0	0.0	2.0	0.0	2.0	2.0	4.0	0	1	1	1	0	130-4.png
0.0	1.0	0.0	2.0	1.0	1.0	2.0	1	1	0	0	0	131-0.png
0.0	1.0	2.0	2.0	1.0	1.0	2.0	0	0	0	1	1	131-1.png
0.0	0.0	0.0	2.0	1.0	1.0	2.0	0	1	0	1	1	131-2.png
0.0	0.0	2.0	2.0	1.0	1.0	2.0	0	1	0	1	1	131-3.png
1.0	1.0	0.0	2.0	2.0	2.0	3.0	0	1	1	0	0	132-0.png
1.0	1.0	0.0	2.0	1.0	2.0	3.0	1	0	1	1	1	132-1.png
2.0	1.0	0.0	2.0	2.0	2.0	3.0	1	0	1	1	1	132-2.png
2.0	1.0	0.0	2.0	1.0	2.0	3.0	1	0	0	1	1	132-3.png
0.0	0.0	2.0	2.0	2.0	2.0	4.0	1	0	1	0	0	133-0.png
0.0	0.0	0.0	2.0	2.0	2.0	2.0	0	1	1	1	1	133-1.png
0.0	0.0	2.0	2.0	2.0	2.0	4.0	0	1	1	1	1	133-2.png
0.0	0.0	2.0	2.0	2.0	2.0	2.0	0	1	1	1	1	133-3.png
0.0	1.0	2.0	2.0	2.0	2.0	2.0	0	0	1	1	1	133-4.png
0.0	0.0	1.0	0.0	0.0	1.0	3.0	1	0	0	0	1	134-0.png
2.0	0.0	1.0	0.0	0.0	1.0	3.0	1	1	0	1	0	134-1.png
2.0	0.0	0.0	2.0	2.0	1.0	6.0	1	0	1	0	0	135-0.png
1.0	0.0	0.0	2.0	1.0	1.0	2.0	1	1	0	1	1	135-1.png
2.0	0.0	2.0	2.0	2.0	1.0	4.0	0	1	1	1	1	136-0.png
2.0	1.0	0.0	2.0	1.0	2.0	6.0	0	0	0	0	1	137-0.png
1.0	0.0	1.0	0.0	0.0	1.0	5.0	0	0	1	0	1	138-0.png
2.0	0.0	2.0	0.0	2.0	1.0	1.0	1	1	0	1	0	139-0.png
0.0	0.0	2.0	0.0	2.0	1.0	6.0	0	1	0	1	0	139-1.png
2.0	0.0	2.0	2.0	1.0	1.0	5.0	1	1	1	1	1	140-0.png
1.0	0.0	2.0	0.0	2.0	1.0	5.0	0	0	0	0	1	140-1.png
0.0	0.0	1.0	0.0	0.0	1.0	1.0	0	1	0	1	0	141-0.png
0.0	1.0	2.0	2.0	1.0	0.0	3.0	0	0	0	1	1	142-0.png
2.0	0.0	2.0	0.0	2.0	2.0	2.0	1	1	1	1	0	143-0.png
2.0	1.0	0.0	1.0	1.0	2.0	2.0	1	0	0	1	1	144-0.png
2.0	1.0	2.0	2.0	2.0	2.0	3.0	0	1	1	0	0	145-0.png
0.0	0.0	2.0	2.0	0.0	2.0	5.0	0	1	0	1	0	146-0.png
0.0	1.0	2.0	2.0	1.0	2.0	3.0	0	0	0	1	1	147-0.png
2.0	0.0	2.0	2.0	2.0	2.0	1.0	1	1	1	1	1	148-0.png
0.0	0.0	1.0	0.0	2.0	0.0	0.0	1	0	0	0	1	149-0.png
2.0	1.0	0.0	2.0	2.0	1.0	1.0	1	0	0	1	1	150-0.png
2.0	1.0	0.0	2.0	1.0	1.0	1.0	1	0	1	1	1	150-1.png
2.0	1.0	0.0	2.0	2.0	1.0	5.0	1	0	1	1	1	150-2.png
2.0	1.0	0.0	2.0	2.0	1.0	1.0	1	0	1	1	1	150-3.png
2.0	1.0	0.0	2.0	2.0	1.0	1.0	0	1	0	0	0	150-4.png
0.0	0.0	2.0	2.0	2.0	1.0	1.0	0	1	1	1	1	150-5.png
2.0	0.0	2.0	2.0	2.0	1.0	1.0	1	1	1	1	1	150-6.png
2.0	1.0	2.0	2.0	2.0	1.0	1.0	1	0	0	1	1	150-7.png
2.0	1.0	0.0	2.0	2.0	1.0	1.0	0	1	1	0	0	150-8.png
2.0	1.0	0.0	2.0	2.0	1.0	1.0	1	0	1	1	1	150-9.png
0.0	1.0	0.0	2.0	1.0	0.0	4.0	0	0	0	1	1	151-0.png
2.0	1.0	0.0	2.0	1.0	0.0	3.0	1	0	0	1	1	151-1.png
2.0	1.0	2.0	2.0	1.0	0.0	3.0	0	1	1	0	0	151-10.png
2.0	1.0	2.0	2.0	1.0	0.0	4.0	0	0	0	1	1	151-2.png
2.0	0.0	2.0	2.0	1.0	0.0	3.0	1	1	0	1	1	151-3.png
2.0	0.0	2.0	0.0	1.0	0.0	4.0	0	1	0	1	0	151-4.png
2.0	1.0	2.0	2.0	1.0	0.0	4.0	0	0	1	1	1	151-5.png
2.0	1.0	0.0	2.0	1.0	0.0	4.0	0	0	0	1	1	151-6.png
2.0	1.0	0.0	2.0	1.0	0.0	4.0	0	0	0	1	1	151-7.png
0.0	1.0	0.0	2.0	1.0	0.0	4.0	0	0	1	1	1	151-8.png
0.0	1.0	0.0	2.0	2.0	1.0	2.0	0	0	1	1	1	152-0.png
2.0	1.0	0.0	2.0	2.0	1.0	2.0	1	0	1	1	1	152-1.png
0.0	1.0	0.0	2.0	2.0	1.0	2.0	0	0	1	1	1	152-2.png
2.0	0.0	0.0	2.0	2.0	1.0	2.0	1	1	1	1	1	152-3.png
2.0	1.0	2.0	2.0	2.0	1.0	2.0	1	0	0	1	1	152-4.png
2.0	1.0	0.0	2.0	2.0	1.0	2.0	0	1	1	0	0	152-5.png
2.0	1.0	0.0	2.0	2.0	1.0	2.0	1	0	0	1	1	152-6.png
0.0	1.0	0.0	2.0	2.0	1.0	2.0	0	0	1	1	1	152-7.png
0.0	1.0	0.0	2.0	2.0	1.0	2.0	1	1	1	0	0	152-8.png
2.0	0.0	0.0	2.0	2.0	1.0	2.0	1	1	1	1	1	152-9.png
2.0	1.0	2.0	2.0	2.0	2.0	3.0	1	0	0	1	1	153-0.png
2.0	0.0	2.0	2.0	2.0	2.0	3.0	1	1	1	1	1	153-1.png
2.0	0.0	2.0	2.0	1.0	0.0	4.0	0	1	0	1	1	153-2.png
0.0	1.0	2.0	2.0	2.0	2.0	3.0	0	0	1	1	1	153-3.png
1.0	1.0	2.0	2.0	2.0	2.0	3.0	0	1	1	0	0	153-4.png
2.0	1.0	0.0	2.0	1.0	0.0	3.0	1	0	0	1	1	153-5.png
2.0	1.0	0.0	2.0	1.0	0.0	3.0	1	0	0	1	1	153-6.png
0.0	1.0	0.0	2.0	1.0	0.0	4.0	0	0	1	1	1	153-7.png
2.0	0.0	2.0	2.0	1.0	0.0	4.0	0	1	0	1	1	153-8.png
2.0	0.0	2.0	2.0	2.0	2.0	3.0	1	1	1	1	1	153-9.png
2.0	1.0	0.0	2.0	1.0	2.0	3.0	0	1	0	0	0	154-0.png
2.0	1.0	0.0	2.0	1.0	2.0	3.0	1	0	0	1	1	154-1.png
2.0	1.0	0.0	2.0	1.0	2.0	3.0	1	0	0	1	1	154-2.png
0.0	1.0	0.0	2.0	1.0	2.0	3.0	0	0	0	1	1	154-3.png
2.0	1.0	0.0	2.0	1.0	2.0	3.0	1	0	0	1	1	154-4.png
0.0	1.0	0.0	2.0	1.0	1.0	3.0	1	1	1	0	0	154-5.png
2.0	1.0	0.0	2.0	2.0	2.0	3.0	1	0	1	1	1	154-6.png
2.0	1.0	0.0	2.0	1.0	1.0	3.0	1	0	0	1	1	154-7.png
2.0	1.0	0.0	2.0	1.0	1.0	3.0	1	0	0	1	1	154-8.png
2.0	0.0	0.0	2.0	1.0	2.0	3.0	1	1	0	1	1	154-9.png
2.0	0.0	2.0	2.0	1.0	2.0	1.0	1	1	0	1	1	155-0.png
2.0	0.0	0.0	2.0	1.0	2.0	0.0	1	0	0	0	0	155-1.png
2.0	0.0	2.0	2.0	1.0	2.0	0.0	0	1	1	1	1	155-2.png
2.0	0.0	2.0	2.0	1.0	2.0	0.0	0	1	0	1	1	155-3.png
2.0	0.0	0.0	2.0	1.0	2.0	0.0	0	1	1	1	1	155-4.png
2.0	0.0	2.0	2.0	1.0	2.0	1.0	1	1	1	1	1	155-5.png
2.0	0.0	2.0	2.0	1.0	2.0	0.0	1	0	1	0	0	155-6.png
2.0	0.0	2.0	2.0	1.0	2.0	0.0	0	1	0	1	1	155-7.png
2.0	1.0	0.0	2.0	1.0	2.0	1.0	1	0	1	1	1	155-8.png
2.0	1.0	0.0	1.0	1.0	0.0	2.0	1	0	0	1	1	156-0.png
0.0	0.0	1.0	0.0	0.0	1.0	1.0	1	0	0	0	1	157-0.png
2.0	0.0	1.0	0.0	0.0	1.0	5.0	1	1	1	1	0	157-1.png
0.0	0.0	1.0	0.0	2.0	1.0	6.0	0	1	0	1	0	158-0.png
0.0	0.0	2.0	2.0	2.0	0.0	6.0	0	1	1	1	1	158-1.png
2.0	0.0	1.0	0.0	2.0	2.0	6.0	1	0	0	0	1	158-2.png
2.0	1.0	2.0	0.0	2.0	2.0	1.0	1	0	1	1	0	159-0.png
1.0	1.0	2.0	0.0	2.0	2.0	1.0	1	0	0	1	0	159-1.png
2.0	0.0	2.0	2.0	1.0	2.0	1.0	1	1	0	1	1	160-0.png
0.0	1.0	2.0	2.0	1.0	2.0	1.0	0	0	0	1	1	160-1.png
0.0	1.0	2.0	2.0	0.0	1.0	6.0	1	1	1	1	1	161-0.png
0.0	1.0	2.0	2.0	2.0	1.0	6.0	0	0	1	0	1	161-1.png
0.0	1.0	0.0	2.0	2.0	2.0	3.0	0	0	1	1	1	162-0.png
0.0	1.0	0.0	2.0	2.0	2.0	3.0	0	0	1	1	1	162-1.png
0.0	0.0	1.0	0.0	2.0	2.0	2.0	0	1	0	1	0	163-0.png
2.0	0.0	2.0	0.0	2.0	2.0	6.0	1	0	0	0	1	163-1.png
0.0	0.0	2.0	0.0	2.0	2.0	5.0	0	1	0	1	0	164-0.png
0.0	0.0	2.0	2.0	2.0	2.0	6.0	0	1	0	1	1	164-1.png
2.0	1.0	0.0	2.0	1.0	2.0	6.0	0	0	0	0	1	165-0.png
0.0	1.0	0.0	2.0	1.0	2.0	6.0	0	0	0	0	1	165-1.png
2.0	0.0	2.0	2.0	1.0	0.0	6.0	0	1	0	0	0	166-0.png
2.0	0.0	2.0	2.0	1.0	0.0	6.0	0	1	0	1	1	166-1.png
0.0	1.0	2.0	2.0	2.0	0.0	3.0	0	0	1	1	1	167-0.png
0.0	0.0	2.0	2.0	1.0	2.0	5.0	0	1	0	1	1	168-0.png
0.0	0.0	1.0	0.0	1.0	2.0	5.0	0	1	1	1	0	168-1.png
0.0	0.0	1.0	0.0	2.0	1.0	2.0	0	1	0	1	0	169-0.png
0.0	1.0	1.0	0.0	2.0	1.0	2.0	1	0	0	0	1	169-1.png
2.0	1.0	0.0	2.0	1.0	2.0	1.0	1	0	0	1	1	170-0.png
2.0	1.0	0.0	0.0	1.0	2.0	1.0	1	0	0	1	0	170-1.png
1.0	1.0	0.0	2.0	2.0	2.0	2.0	1	0	1	1	1	171-0.png
2.0	1.0	0.0	2.0	2.0	2.0	2.0	1	0	1	1	1	171-1.png
2.0	0.0	2.0	0.0	2.0	1.0	1.0	0	0	1	0	1	172-0.png
0.0	0.0	2.0	0.0	2.0	1.0	6.0	0	1	0	1	0	172-1.png
2.0	0.0	0.0	2.0	2.0	0.0	3.0	1	1	0	1	1	173-0.png
2.0	0.0	0.0	2.0	1.0	0.0	3.0	1	1	0	1	1	173-1.png
2.0	0.0	0.0	2.0	2.0	0.0	3.0	1	1	1	1	1	173-2.png
2.0	0.0	0.0	2.0	2.0	0.0	3.0	1	1	1	1	1	173-3.png
2.0	0.0	0.0	2.0	1.0	0.0	3.0	1	1	1	1	1	173-4.png
2.0	0.0	2.0	2.0	1.0	1.0	2.0	1	1	0	1	1	174-0.png
0.0	0.0	0.0	2.0	1.0	1.0	2.0	1	0	0	0	0	174-1.png
0.0	0.0	2.0	2.0	1.0	1.0	2.0	0	1	0	1	1	174-2.png
1.0	1.0	2.0	2.0	1.0	1.0	2.0	1	0	0	1	1	174-3.png
0.0	0.0	2.0	2.0	1.0	1.0	2.0	0	1	0	1	1	174-4.png
0.0	0.0	0.0	2.0	1.0	2.0	6.0	1	0	0	0	0	174-5.png
2.0	0.0	1.0	0.0	1.0	1.0	3.0	1	1	1	1	0	175-0.png
1.0	1.0	1.0	0.0	1.0	1.0	3.0	1	1	0	1	0	175-1.png
2.0	0.0	2.0	2.0	1.0	0.0	1.0	1	1	0	1	1	176-0.png
2.0	0.0	2.0	2.0	1.0	2.0	2.0	1	1	1	1	1	177-0.png
2.0	1.0	2.0	2.0	1.0	2.0	2.0	1	0	0	1	1	177-1.png
2.0	1.0	2.0	0.0	2.0	1.0	6.0	1	1	0	1	1	178-0.png
0.0	0.0	2.0	0.0	2.0	1.0	6.0	0	1	0	1	0	178-1.png
2.0	0.0	0.0	1.0	1.0	0.0	1.0	1	1	1	1	1	179-0.png
2.0	0.0	0.0	1.0	1.0	0.0	1.0	1	1	0	1	1	179-1.png
2.0	0.0	1.0	0.0	2.0	2.0	6.0	1	0	0	0	1	180-0.png
2.0	1.0	2.0	0.0	2.0	2.0	6.0	0	0	1	0	0	180-1.png
2.0	1.0	0.0	2.0	1.0	0.0	2.0	1	0	0	1	1	181-0.png
2.0	1.0	2.0	2.0	1.0	2.0	2.0	1	0	0	1	1	181-1.png
2.0	1.0	0.0	1.0	1.0	0.0	2.0	1	0	0	1	1	181-2.png
2.0	0.0	1.0	0.0	0.0	1.0	4.0	1	0	1	0	1	182-0.png
0.0	1.0	2.0	2.0	1.0	1.0	3.0	0	0	0	1	1	183-0.png
0.0	0.0	1.0	0.0	2.0	1.0	1.0	0	1	0	1	0	184-0.png
1.0	0.0	1.0	0.0	2.0	1.0	1.0	1	1	1	1	0	184-1.png
2.0	0.0	1.0	0.0	0.0	1.0	5.0	1	1	0	1	0	185-0.png
2.0	0.0	1.0	0.0	0.0	2.0	5.0	0	0	0	0	1	185-1.png
2.0	0.0	1.0	0.0	2.0	1.0	5.0	1	1	0	1	0	186-0.png
2.0	0.0	2.0	0.0	2.0	1.0	5.0	1	1	0	1	0	186-1.png
2.0	1.0	2.0	2.0	2.0	2.0	6.0	0	0	1	0	1	187-0.png
0.0	0.0	2.0	2.0	2.0	1.0	2.0	0	1	1	1	1	187-1.png
0.0	0.0	2.0	0.0	2.0	2.0	5.0	1	0	1	0	1	188-0.png
2.0	1.0	2.0	0.0	2.0	2.0	5.0	1	0	0	1	0	188-1.png
2.0	0.0	1.0	0.0	2.0	2.0	5.0	1	1	0	1	0	189-0.png
0.0	0.0	1.0	0.0	2.0	1.0	5.0	1	0	1	0	1	190-0.png
2.0	0.0	1.0	0.0	2.0	1.0	5.0	1	1	0	1	0	190-1.png
0.0	1.0	0.0	2.0	2.0	2.0	2.0	1	1	1	0	0	191-0.png
2.0	1.0	2.0	2.0	2.0	1.0	2.0	1	0	1	1	1	192-0.png
2.0	1.0	0.0	2.0	2.0	1.0	2.0	1	0	0	1	1	192-1.png
2.0	0.0	2.0	2.0	2.0	2.0	2.0	1	1	1	1	1	193-0.png
2.0	0.0	2.0	2.0	1.0	2.0	2.0	1	1	0	1	1	193-1.png
0.0	0.0	2.0	2.0	2.0	2.0	6.0	0	1	1	1	1	193-2.png
0.0	1.0	0.0	2.0	1.0	2.0	6.0	1	1	0	1	0	193-3.png
2.0	1.0	2.0	2.0	1.0	2.0	5.0	1	0	0	1	1	194-0.png
0.0	1.0	2.0	0.0	2.0	1.0	5.0	0	0	0	1	0	194-1.png
0.0	0.0	2.0	2.0	1.0	2.0	1.0	0	1	1	1	1	195-0.png
2.0	0.0	2.0	0.0	1.0	1.0	1.0	0	0	0	0	1	195-1.png
2.0	0.0	0.0	2.0	2.0	2.0	6.0	0	1	1	1	1	196-0.png
0.0	0.0	1.0	0.0	1.0	2.0	6.0	1	0	0	0	1	197-0.png
2.0	0.0	1.0	0.0	1.0	2.0	5.0	1	1	0	1	0	197-1.png
0.0	0.0	2.0	2.0	1.0	2.0	1.0	1	0	0	0	0	198-0.png
1.0	0.0	2.0	2.0	2.0	0.0	1.0	1	1	1	1	1	198-1.png
0.0	0.0	2.0	2.0	1.0	2.0	2.0	0	1	1	1	1	199-0.png
0.0	1.0	0.0	2.0	1.0	2.0	2.0	0	0	0	1	1	199-1.png
2.0	1.0	0.0	2.0	1.0	0.0	2.0	1	0	0	1	1	199-2.png
0.0	1.0	2.0	2.0	1.0	0.0	3.0	1	1	1	0	0	199-3.png
0.0	0.0	1.0	0.0	0.0	0.0	5.0	0	1	0	1	0	200-0.png
0.0	0.0	2.0	0.0	2.0	1.0	2.0	0	1	0	1	0	201-0.png
2.0	0.0	2.0	2.0	2.0	2.0	1.0	1	1	1	1	1	202-0.png
2.0	0.0	2.0	0.0	2.0	2.0	1.0	0	0	1	0	1	202-1.png
0.0	0.0	2.0	2.0	2.0	2.0	1.0	0	1	1	1	1	202-2.png
2.0	0.0	2.0	2.0	2.0	2.0	5.0	1	1	1	1	1	202-3.png
2.0	0.0	2.0	0.0	2.0	2.0	1.0	1	1	0	1	0	202-4.png
0.0	1.0	2.0	2.0	2.0	0.0	3.0	0	0	1	1	1	203-0.png
2.0	0.0	2.0	0.0	2.0	0.0	2.0	0	0	0	0	1	203-1.png
0.0	1.0	2.0	2.0	2.0	0.0	2.0	0	0	1	1	1	203-2.png
2.0	1.0	2.0	2.0	2.0	0.0	3.0	1	0	0	1	1	203-3.png
0.0	0.0	2.0	0.0	2.0	0.0	2.0	0	1	0	1	0	203-4.png
0.0	0.0	0.0	2.0	1.0	2.0	4.0	1	0	0	0	0	204-0.png
0.0	1.0	0.0	2.0	1.0	2.0	4.0	0	0	0	1	1	204-1.png
0.0	1.0	0.0	1.0	1.0	2.0	4.0	0	0	0	1	1	204-3.png
2.0	0.0	0.0	1.0	1.0	2.0	4.0	0	1	0	1	1	204-4.png
2.0	1.0	0.0	1.0	2.0	2.0	4.0	0	0	1	1	1	204-5.png
2.0	1.0	0.0	2.0	1.0	2.0	3.0	0	1	0	0	0	205-0.png
2.0	1.0	0.0	2.0	2.0	2.0	3.0	1	0	1	1	1	205-1.png
0.0	1.0	0.0	1.0	2.0	2.0	3.0	0	0	0	1	1	205-2.png
0.0	0.0	0.0	1.0	1.0	2.0	3.0	1	0	1	0	0	205-3.png
2.0	0.0	0.0	2.0	1.0	2.0	3.0	1	1	0	1	1	205-4.png
0.0	0.0	2.0	2.0	2.0	1.0	4.0	0	1	1	1	1	206-0.png
0.0	1.0	2.0	2.0	2.0	1.0	4.0	1	1	1	0	0	206-1.png
2.0	1.0	2.0	2.0	1.0	1.0	3.0	1	0	0	1	1	206-2.png
2.0	0.0	2.0	2.0	2.0	1.0	3.0	1	1	1	1	1	206-3.png
0.0	0.0	0.0	2.0	2.0	1.0	4.0	0	1	1	1	1	206-4.png
2.0	1.0	0.0	1.0	1.0	2.0	1.0	1	0	1	1	1	207-0.png
0.0	0.0	0.0	1.0	1.0	2.0	1.0	1	0	0	0	0	207-1.png
2.0	0.0	2.0	2.0	1.0	2.0	2.0	1	1	0	1	1	207-2.png
2.0	1.0	0.0	1.0	1.0	2.0	0.0	0	0	1	1	1	207-3.png
2.0	1.0	0.0	1.0	1.0	2.0	1.0	1	0	0	1	1	207-4.png
0.0	1.0	0.0	1.0	1.0	2.0	0.0	0	0	0	1	1	207-5.png
2.0	1.0	0.0	2.0	1.0	0.0	4.0	1	1	0	0	0	208-0.png
1.0	1.0	0.0	2.0	1.0	0.0	4.0	0	0	1	1	1	208-1.png
2.0	1.0	0.0	2.0	1.0	0.0	4.0	0	0	0	1	1	208-2.png
1.0	1.0	0.0	2.0	1.0	0.0	4.0	1	1	0	0	0	208-3.png
1.0	1.0	0.0	1.0	1.0	0.0	4.0	0	0	1	1	1	208-4.png
1.0	0.0	0.0	2.0	1.0	2.0	2.0	1	1	0	1	1	209-0.png
2.0	1.0	0.0	2.0	1.0	2.0	2.0	1	0	0	1	1	209-1.png
0.0	0.0	0.0	2.0	1.0	2.0	6.0	1	0	0	0	0	209-2.png
1.0	1.0	0.0	2.0	1.0	2.0	2.0	1	0	1	1	1	209-3.png
2.0	0.0	2.0	2.0	1.0	2.0	2.0	1	1	0	1	1	209-4.png
0.0	0.0	1.0	0.0	2.0	1.0	5.0	0	1	1	1	0	210-0.png
2.0	0.0	1.0	0.0	2.0	1.0	5.0	1	1	0	1	0	210-1.png
2.0	0.0	0.0	2.0	2.0	0.0	3.0	1	1	1	1	1	211-0.png
0.0	1.0	0.0	1.0	1.0	0.0	2.0	1	1	0	0	0	211-1.png
2.0	0.0	1.0	0.0	2.0	2.0	6.0	0	1	0	1	0	212-0.png
2.0	0.0	1.0	0.0	2.0	2.0	2.0	1	1	1	1	0	212-1.png
2.0	0.0	1.0	0.0	0.0	2.0	6.0	1	0	0	0	1	212-2.png
1.0	0.0	1.0	0.0	2.0	2.0	2.0	1	1	1	1	0	213-0.png
0.0	0.0	1.0	0.0	0.0	2.0	6.0	0	1	1	1	0	213-1.png
2.0	0.0	1.0	0.0	2.0	2.0	6.0	0	1	0	1	0	213-2.png
2.0	0.0	1.0	0.0	2.0	0.0	6.0	1	0	0	0	1	214-0.png
2.0	0.0	1.0	0.0	2.0	0.0	5.0	1	1	0	1	0	214-1.png
0.0	0.0	0.0	2.0	1.0	2.0	5.0	0	1	0	1	1	215-0.png
2.0	0.0	2.0	2.0	1.0	1.0	5.0	1	1	0	1	1	215-1.png
1.0	1.0	2.0	2.0	2.0	2.0	2.0	1	0	0	1	1	216-0.png
1.0	0.0	2.0	2.0	2.0	2.0	2.0	1	1	1	1	1	216-1.png
2.0	0.0	2.0	2.0	0.0	0.0	6.0	0	0	0	0	1	217-0.png
0.0	1.0	2.0	2.0	2.0	0.0	2.0	0	0	1	1	1	217-1.png
2.0	0.0	2.0	2.0	2.0	0.0	6.0	0	1	0	1	1	217-2.png
2.0	0.0	2.0	2.0	2.0	1.0	2.0	1	1	1	1	1	218-0.png
0.0	0.0	2.0	0.0	1.0	1.0	1.0	0	1	0	1	0	219-0.png
2.0	0.0	0.0	2.0	2.0	0.0	5.0	1	1	1	1	1	220-0.png
2.0	0.0	2.0	0.0	0.0	1.0	3.0	0	0	0	0	1	221-0.png
0.0	0.0	2.0	0.0	0.0	2.0	1.0	0	1	0	1	0	222-0.png
0.0	0.0	1.0	0.0	2.0	1.0	6.0	0	1	0	1	0	223-0.png
2.0	1.0	2.0	2.0	0.0	2.0	6.0	1	1	1	1	1	224-0.png
0.0	0.0	2.0	0.0	2.0	2.0	2.0	0	1	0	1	0	225-0.png
0.0	0.0	0.0	2.0	1.0	0.0	4.0	0	1	0	1	1	226-0.png
0.0	0.0	2.0	2.0	0.0	0.0	2.0	1	0	0	0	1	227-0.png
2.0	1.0	2.0	0.0	2.0	2.0	3.0	1	0	0	1	0	228-0.png
2.0	0.0	2.0	2.0	1.0	1.0	5.0	1	1	0	1	1	229-0.png
2.0	0.0	0.0	2.0	1.0	0.0	6.0	0	1	1	1	1	230-0.png
2.0	0.0	0.0	2.0	1.0	0.0	2.0	1	1	0	1	1	230-1.png
0.0	0.0	2.0	2.0	2.0	2.0	5.0	0	1	0	1	1	231-0.png
0.0	0.0	2.0	2.0	2.0	2.0	5.0	0	1	1	1	1	231-1.png
0.0	0.0	2.0	0.0	2.0	2.0	6.0	1	0	0	0	1	232-0.png
2.0	0.0	2.0	0.0	0.0	2.0	5.0	1	1	0	1	0	232-1.png
1.0	0.0	2.0	2.0	2.0	2.0	2.0	1	1	1	1	1	233-0.png
1.0	0.0	2.0	2.0	2.0	2.0	2.0	1	1	1	1	1	233-1.png
1.0	0.0	2.0	2.0	1.0	1.0	3.0	1	1	0	1	1	234-0.png
0.0	0.0	2.0	0.0	1.0	1.0	3.0	1	0	1	0	1	234-1.png
1.0	1.0	0.0	2.0	1.0	0.0	4.0	0	0	0	1	1	235-0.png
0.0	0.0	0.0	2.0	1.0	0.0	3.0	0	1	0	1	1	235-1.png
1.0	0.0	2.0	0.0	2.0	0.0	6.0	0	1	0	1	0	236-0.png
2.0	0.0	2.0	2.0	1.0	2.0	1.0	1	1	0	1	1	237-0.png
2.0	0.0	2.0	2.0	1.0	2.0	1.0	1	1	0	1	1	237-1.png
0.0	0.0	2.0	2.0	0.0	0.0	5.0	1	0	1	0	1	238-0.png
1.0	0.0	1.0	0.0	2.0	1.0	3.0	1	1	0	1	0	239-0.png
0.0	0.0	2.0	0.0	0.0	1.0	3.0	0	1	0	1	0	239-1.png
2.0	0.0	2.0	0.0	0.0	2.0	2.0	1	1	0	1	0	239-2.png
2.0	1.0	2.0	0.0	2.0	2.0	2.0	0	1	0	0	1	239-3.png
2.0	0.0	2.0	2.0	1.0	2.0	2.0	1	1	0	1	1	240-0.png
0.0	0.0	1.0	0.0	2.0	2.0	6.0	0	1	0	1	0	240-1.png
2.0	0.0	2.0	0.0	2.0	2.0	5.0	1	1	1	1	0	241-0.png
2.0	0.0	2.0	0.0	2.0	2.0	6.0	1	0	0	0	1	241-1.png
2.0	0.0	2.0	0.0	2.0	2.0	6.0	0	1	1	1	0	241-2.png
0.0	0.0	1.0	0.0	2.0	2.0	6.0	0	1	0	1	0	241-3.png
2.0	0.0	2.0	2.0	2.0	2.0	6.0	0	1	1	1	1	242-0.png
2.0	0.0	2.0	2.0	2.0	2.0	2.0	1	1	1	1	1	242-1.png
0.0	0.0	0.0	2.0	1.0	2.0	2.0	0	1	0	1	1	242-2.png
2.0	0.0	2.0	2.0	1.0	2.0	3.0	1	1	1	1	1	243-0.png
2.0	0.0	2.0	2.0	1.0	2.0	2.0	1	1	0	1	1	243-1.png
2.0	0.0	2.0	2.0	1.0	2.0	3.0	1	1	0	1	1	243-2.png
2.0	0.0	2.0	2.0	1.0	1.0	5.0	1	1	0	1	1	244-0.png
1.0	1.0	2.0	2.0	2.0	2.0	2.0	1	0	1	1	1	245-0.png
2.0	0.0	2.0	0.0	2.0	2.0	3.0	0	0	0	0	1	246-0.png
1.0	0.0	2.0	0.0	2.0	2.0	3.0	1	1	0	1	0	246-1.png
2.0	1.0	2.0	0.0	2.0	2.0	3.0	1	0	1	1	0	246-2.png
1.0	0.0	2.0	0.0	2.0	2.0	3.0	0	0	0	0	1	246-3.png
2.0	0.0	2.0	0.0	2.0	0.0	4.0	0	1	0	1	0	247-0.png
2.0	0.0	2.0	0.0	1.0	0.0	4.0	0	1	0	1	0	247-1.png
1.0	1.0	2.0	0.0	2.0	0.0	4.0	1	1	0	1	1	247-2.png
2.0	0.0	2.0	0.0	1.0	0.0	4.0	0	1	0	1	0	247-3.png
2.0	0.0	2.0	0.0	1.0	0.0	4.0	0	1	1	1	0	247-4.png
2.0	0.0	1.0	0.0	2.0	2.0	2.0	1	0	0	0	1	248-0.png
0.0	0.0	1.0	0.0	2.0	2.0	2.0	0	1	0	1	0	248-1.png
1.0	0.0	2.0	0.0	2.0	0.0	2.0	1	1	0	1	0	248-2.png
2.0	0.0	1.0	0.0	2.0	2.0	2.0	1	1	0	1	0	248-3.png
1.0	0.0	2.0	0.0	2.0	2.0	2.0	1	1	0	1	0	248-4.png
2.0	0.0	0.0	2.0	2.0	0.0	3.0	1	1	1	1	1	249-0.png
2.0	0.0	1.0	0.0	0.0	0.0	2.0	1	1	0	1	0	250-0.png
2.0	0.0	1.0	0.0	2.0	0.0	2.0	1	1	0	1	0	250-1.png
0.0	0.0	0.0	1.0	1.0	0.0	2.0	0	1	1	1	1	251-0.png
0.0	1.0	2.0	2.0	1.0	0.0	2.0	1	1	0	0	0	252-0.png
2.0	0.0	2.0	2.0	1.0	0.0	6.0	0	1	0	1	1	253-0.png
1.0	1.0	0.0	2.0	2.0	0.0	3.0	1	0	1	1	1	254-0.png
2.0	1.0	2.0	2.0	0.0	0.0	4.0	1	1	0	0	1	254-1.png
1.0	1.0	0.0	2.0	2.0	0.0	3.0	1	0	1	1	1	255-0.png
2.0	1.0	0.0	2.0	1.0	2.0	6.0	0	0	0	0	1	256-0.png
0.0	0.0	0.0	2.0	1.0	2.0	5.0	0	1	1	1	1	256-1.png
2.0	0.0	2.0	0.0	1.0	1.0	4.0	1	0	0	0	1	257-0.png
0.0	0.0	1.0	0.0	2.0	1.0	5.0	0	1	0	1	0	258-0.png
0.0	1.0	0.0	2.0	2.0	0.0	3.0	0	0	1	1	1	259-0.png
0.0	1.0	0.0	2.0	2.0	2.0	3.0	0	0	1	1	1	259-1.png
0.0	0.0	2.0	0.0	2.0	1.0	3.0	1	0	0	0	1	260-0.png
0.0	0.0	2.0	0.0	2.0	1.0	5.0	0	1	0	1	0	261-0.png
2.0	1.0	2.0	0.0	0.0	1.0	3.0	1	0	1	1	0	262-0.png
0.0	0.0	1.0	0.0	0.0	1.0	4.0	0	1	0	1	0	263-0.png
2.0	0.0	2.0	2.0	1.0	1.0	2.0	1	1	0	1	1	264-0.png
2.0	0.0	1.0	0.0	2.0	1.0	5.0	1	0	0	0	1	265-0.png
2.0	0.0	2.0	0.0	2.0	2.0	6.0	0	1	1	1	0	266-0.png
0.0	0.0	0.0	2.0	1.0	0.0	2.0	0	1	0	1	1	267-0.png
2.0	0.0	2.0	0.0	2.0	2.0	3.0	1	0	0	0	1	268-0.png
2.0	0.0	1.0	0.0	2.0	1.0	3.0	1	1	1	1	0	269-0.png
2.0	0.0	1.0	0.0	2.0	1.0	5.0	1	1	0	1	0	270-0.png
2.0	1.0	0.0	2.0	1.0	0.0	2.0	1	0	0	1	1	272-0.png
2.0	1.0	0.0	2.0	2.0	0.0	2.0	1	0	1	1	1	272-1.png
0.0	1.0	0.0	2.0	2.0	0.0	2.0	0	0	1	1	1	272-2.png
2.0	1.0	0.0	2.0	1.0	2.0	6.0	1	1	0	1	1	272-3.png
1.0	0.0	1.0	0.0	2.0	0.0	2.0	1	1	1	1	0	273-0.png
2.0	0.0	2.0	0.0	0.0	0.0	2.0	1	1	0	1	0	273-1.png
2.0	0.0	1.0	0.0	2.0	2.0	2.0	1	1	0	1	0	273-2.png
2.0	0.0	1.0	0.0	0.0	0.0	2.0	1	1	0	1	0	273-3.png
2.0	0.0	1.0	0.0	0.0	2.0	2.0	1	1	1	1	0	273-4.png
0.0	0.0	0.0	2.0	1.0	2.0	6.0	1	0	0	0	0	274-0.png
2.0	0.0	2.0	2.0	1.0	2.0	5.0	1	1	0	1	1	274-1.png
0.0	1.0	2.0	0.0	1.0	2.0	6.0	0	0	0	0	0	274-2.png
2.0	0.0	0.0	2.0	1.0	2.0	5.0	1	1	0	1	1	274-3.png
0.0	0.0	1.0	0.0	2.0	1.0	6.0	1	0	0	0	1	275-0.png
0.0	0.0	2.0	0.0	2.0	1.0	1.0	0	1	0	1	0	275-1.png
1.0	0.0	2.0	0.0	1.0	1.0	6.0	0	1	1	1	0	276-0.png
1.0	0.0	1.0	0.0	1.0	1.0	6.0	0	1	0	1	0	276-1.png
0.0	0.0	2.0	0.0	2.0	2.0	6.0	1	0	0	0	1	277-0.png
0.0	0.0	2.0	2.0	2.0	2.0	1.0	0	1	1	1	1	277-1.png
0.0	0.0	2.0	2.0	1.0	0.0	6.0	0	1	0	1	1	278-0.png
0.0	0.0	2.0	0.0	1.0	0.0	6.0	0	1	0	1	0	278-1.png
0.0	0.0	2.0	0.0	2.0	2.0	5.0	0	1	1	1	0	279-0.png
2.0	1.0	2.0	2.0	2.0	2.0	2.0	1	0	1	1	1	279-1.png
2.0	0.0	2.0	2.0	2.0	2.0	2.0	1	1	1	1	1	280-0.png
2.0	0.0	0.0	2.0	2.0	2.0	2.0	1	1	1	1	1	280-1.png
2.0	0.0	1.0	0.0	2.0	1.0	6.0	0	0	0	0	1	281-0.png
0.0	0.0	1.0	0.0	2.0	0.0	1.0	0	1	0	1	0	281-1.png
2.0	1.0	0.0	1.0	1.0	2.0	6.0	1	1	0	1	0	282-0.png
2.0	1.0	0.0	1.0	1.0	2.0	2.0	1	0	1	1	1	282-1.png
0.0	0.0	1.0	0.0	1.0	0.0	1.0	1	0	0	0	1	283-0.png
2.0	0.0	1.0	0.0	1.0	0.0	1.0	1	1	0	1	0	283-1.png
2.0	0.0	2.0	0.0	0.0	1.0	1.0	1	1	0	1	0	285-0.png
1.0	1.0	2.0	0.0	2.0	1.0	1.0	0	1	0	0	1	285-1.png
1.0	0.0	2.0	0.0	2.0	1.0	1.0	1	1	0	1	0	285-2.png
2.0	1.0	2.0	2.0	2.0	1.0	1.0	1	0	1	1	1	285-3.png
1.0	1.0	2.0	2.0	2.0	1.0	1.0	1	0	0	1	1	285-4.png
2.0	0.0	0.0	2.0	1.0	0.0	3.0	1	1	1	1	1	286-0.png
0.0	0.0	0.0	2.0	2.0	0.0	3.0	1	0	1	0	0	286-1.png
2.0	0.0	0.0	2.0	2.0	0.0	3.0	1	1	1	1	1	286-2.png
0.0	1.0	0.0	2.0	1.0	0.0	3.0	0	0	0	1	1	286-3.png
2.0	1.0	0.0	2.0	1.0	2.0	1.0	1	0	1	1	1	287-0.png
2.0	1.0	2.0	2.0	1.0	2.0	1.0	1	0	0	1	1	287-1.png
2.0	0.0	2.0	2.0	1.0	2.0	1.0	0	0	0	0	0	287-2.png
1.0	0.0	0.0	2.0	1.0	2.0	1.0	1	1	0	1	1	287-3.png
2.0	1.0	2.0	2.0	1.0	2.0	1.0	1	0	1	1	1	287-4.png
2.0	0.0	2.0	0.0	1.0	2.0	0.0	0	1	0	1	0	288-0.png
0.0	0.0	1.0	0.0	1.0	2.0	0.0	0	1	0	1	0	288-1.png
2.0	0.0	2.0	0.0	1.0	2.0	0.0	1	0	1	0	1	288-2.png
2.0	1.0	2.0	0.0	1.0	2.0	0.0	0	0	0	1	0	288-3.png
2.0	1.0	2.0	0.0	1.0	2.0	0.0	0	0	0	1	0	288-4.png
2.0	1.0	0.0	2.0	2.0	2.0	5.0	1	0	1	1	1	289-0.png
0.0	1.0	0.0	2.0	2.0	0.0	1.0	0	0	0	1	1	289-1.png
2.0	0.0	0.0	2.0	2.0	0.0	1.0	1	1	1	1	1	289-2.png
2.0	0.0	0.0	2.0	2.0	2.0	1.0	1	1	1	1	1	289-3.png
2.0	0.0	0.0	2.0	2.0	2.0	1.0	0	0	0	0	0	289-4.png
1.0	0.0	2.0	2.0	2.0	2.0	3.0	1	1	1	1	1	290-0.png
2.0	0.0	2.0	2.0	1.0	1.0	5.0	1	1	1	1	1	291-0.png
2.0	0.0	2.0	0.0	1.0	1.0	5.0	1	1	1	1	0	291-1.png
2.0	0.0	2.0	0.0	1.0	1.0	5.0	1	1	1	1	0	291-2.png
2.0	0.0	2.0	0.0	1.0	1.0	5.0	1	0	0	0	1	291-3.png
2.0	0.0	2.0	2.0	2.0	2.0	1.0	1	1	1	1	1	292-0.png
2.0	1.0	2.0	2.0	2.0	2.0	1.0	1	0	1	1	1	292-1.png
2.0	0.0	2.0	2.0	2.0	2.0	1.0	1	1	1	1	1	292-2.png
2.0	1.0	2.0	2.0	2.0	2.0	1.0	1	0	1	1	0	292-3.png
1.0	0.0	2.0	0.0	2.0	2.0	1.0	1	1	0	1	0	292-4.png
2.0	0.0	2.0	0.0	2.0	1.0	2.0	1	1	0	1	0	293-0.png
2.0	0.0	2.0	2.0	1.0	1.0	2.0	1	1	1	1	1	293-1.png
2.0	0.0	2.0	0.0	1.0	1.0	2.0	1	1	0	1	0	293-2.png
2.0	0.0	2.0	2.0	2.0	1.0	2.0	1	1	1	1	1	293-3.png
1.0	1.0	2.0	0.0	2.0	1.0	2.0	1	1	0	0	1	293-4.png
2.0	0.0	0.0	0.0	1.0	0.0	1.0	1	1	0	1	0	294-0.png
2.0	1.0	0.0	0.0	1.0	0.0	1.0	1	0	1	1	0	294-1.png
1.0	0.0	0.0	0.0	1.0	0.0	5.0	1	1	0	1	0	294-2.png
2.0	1.0	0.0	0.0	1.0	0.0	5.0	1	1	1	0	1	294-3.png
2.0	1.0	2.0	2.0	1.0	0.0	6.0	1	0	1	0	1	295-0.png
2.0	0.0	2.0	2.0	1.0	0.0	5.0	1	1	0	1	1	295-1.png
2.0	1.0	0.0	1.0	2.0	0.0	2.0	1	0	0	1	1	296-0.png
2.0	1.0	0.0	1.0	2.0	0.0	2.0	1	0	1	1	1	296-1.png
0.0	1.0	0.0	1.0	1.0	0.0	2.0	0	0	0	1	1	296-2.png
0.0	0.0	2.0	2.0	2.0	0.0	2.0	0	1	1	1	1	297-0.png
0.0	0.0	2.0	0.0	2.0	0.0	2.0	1	0	0	0	1	297-1.png
0.0	0.0	2.0	0.0	2.0	0.0	2.0	0	1	0	1	0	297-2.png
2.0	1.0	1.0	0.0	0.0	0.0	3.0	1	1	0	1	0	298-0.png
2.0	0.0	1.0	0.0	0.0	0.0	3.0	1	1	0	1	0	298-1.png
2.0	0.0	2.0	0.0	0.0	0.0	3.0	1	1	0	1	0	298-2.png
2.0	0.0	0.0	2.0	2.0	0.0	3.0	1	1	1	1	1	299-0.png
2.0	0.0	0.0	1.0	1.0	0.0	3.0	1	1	0	1	1	299-1.png
2.0	0.0	0.0	1.0	1.0	0.0	3.0	1	1	0	1	1	299-2.png
0.0	0.0	2.0	2.0	2.0	0.0	2.0	1	0	1	0	0	300-0.png
0.0	0.0	2.0	2.0	2.0	0.0	2.0	0	1	1	1	1	300-1.png
2.0	0.0	2.0	2.0	2.0	0.0	6.0	0	1	1	1	1	300-2.png
2.0	1.0	0.0	2.0	1.0	0.0	3.0	1	1	0	0	0	301-0.png
1.0	1.0	0.0	1.0	1.0	0.0	2.0	1	0	0	1	1	301-1.png
2.0	0.0	0.0	2.0	1.0	0.0	6.0	0	1	1	1	1	302-0.png
2.0	1.0	0.0	2.0	1.0	2.0	5.0	1	0	0	1	1	303-0.png
0.0	0.0	2.0	0.0	1.0	0.0	2.0	1	0	0	0	1	304-0.png
2.0	0.0	0.0	2.0	1.0	2.0	1.0	1	1	0	1	1	305-0.png
0.0	0.0	2.0	2.0	1.0	2.0	3.0	0	1	1	1	1	307-0.png
0.0	0.0	0.0	2.0	1.0	0.0	4.0	1	0	0	0	0	308-0.png
2.0	1.0	0.0	1.0	1.0	0.0	3.0	1	0	0	1	1	310-0.png
2.0	1.0	2.0	0.0	2.0	1.0	3.0	1	0	0	1	0	312-0.png
0.0	0.0	0.0	1.0	1.0	2.0	2.0	0	1	1	1	1	313-0.png
0.0	1.0	0.0	1.0	1.0	2.0	4.0	1	1	0	0	0	314-0.png
2.0	1.0	2.0	2.0	2.0	2.0	3.0	1	0	1	1	1	315-0.png
2.0	1.0	2.0	2.0	1.0	2.0	2.0	1	0	0	1	1	315-1.png
2.0	0.0	2.0	2.0	2.0	2.0	4.0	0	1	0	1	1	315-2.png
0.0	0.0	0.0	2.0	1.0	2.0	3.0	0	1	0	1	1	315-3.png
0.0	0.0	2.0	2.0	2.0	2.0	3.0	0	1	1	1	1	315-4.png
2.0	0.0	2.0	0.0	1.0	2.0	3.0	1	1	0	1	0	315-5.png
0.0	0.0	2.0	2.0	1.0	2.0	3.0	0	1	0	1	1	315-6.png
2.0	1.0	0.0	1.0	2.0	1.0	5.0	1	1	0	0	0	316-0.png
0.0	0.0	1.0	0.0	0.0	1.0	6.0	0	1	0	1	0	317-0.png
2.0	0.0	1.0	0.0	0.0	2.0	1.0	1	1	1	1	0	318-0.png
1.0	1.0	0.0	2.0	0.0	0.0	2.0	1	1	1	0	1	319-0.png
2.0	0.0	2.0	2.0	1.0	0.0	1.0	1	1	0	1	1	320-0.png
2.0	0.0	0.0	2.0	2.0	0.0	1.0	1	1	1	1	1	320-1.png
2.0	0.0	1.0	0.0	2.0	1.0	6.0	0	1	0	1	0	321-0.png
2.0	0.0	1.0	0.0	2.0	2.0	1.0	1	1	0	1	0	321-1.png
2.0	0.0	2.0	2.0	2.0	1.0	5.0	1	1	1	1	1	322-0.png
0.0	1.0	0.0	2.0	2.0	1.0	2.0	0	0	1	1	1	323-0.png
2.0	0.0	1.0	0.0	2.0	2.0	1.0	1	0	0	0	1	324-0.png
2.0	1.0	1.0	0.0	2.0	2.0	1.0	1	1	0	1	0	324-1.png
1.0	1.0	2.0	2.0	1.0	1.0	5.0	1	0	0	1	1	325-0.png
0.0	1.0	0.0	2.0	1.0	1.0	6.0	1	1	0	1	0	325-1.png
2.0	0.0	1.0	0.0	1.0	2.0	5.0	1	1	1	1	0	326-0.png
2.0	0.0	1.0	0.0	2.0	1.0	2.0	1	1	0	1	0	327-0.png
2.0	1.0	2.0	0.0	0.0	2.0	0.0	1	1	0	1	1	328-0.png
2.0	0.0	2.0	0.0	0.0	2.0	0.0	0	1	1	1	0	328-1.png
2.0	0.0	0.0	2.0	1.0	0.0	5.0	1	1	0	1	1	329-0.png
2.0	0.0	2.0	2.0	2.0	0.0	5.0	1	1	1	1	1	329-1.png
0.0	0.0	2.0	0.0	2.0	0.0	5.0	1	0	0	0	1	330-0.png
0.0	0.0	1.0	0.0	0.0	0.0	5.0	0	1	0	1	0	330-1.png
2.0	0.0	1.0	0.0	2.0	0.0	5.0	1	1	0	1	0	330-2.png
2.0	0.0	2.0	0.0	2.0	0.0	5.0	1	1	1	1	0	330-3.png
2.0	0.0	0.0	2.0	1.0	0.0	2.0	1	1	0	1	1	331-0.png
2.0	1.0	2.0	2.0	2.0	2.0	3.0	1	0	1	1	1	332-0.png
2.0	0.0	1.0	0.0	2.0	2.0	3.0	1	0	0	0	1	332-1.png
2.0	0.0	2.0	0.0	2.0	2.0	3.0	1	1	1	1	0	332-2.png
2.0	0.0	2.0	0.0	2.0	2.0	3.0	1	1	0	1	0	332-3.png
2.0	0.0	2.0	0.0	2.0	2.0	3.0	1	1	1	1	0	332-4.png
0.0	0.0	2.0	0.0	2.0	2.0	3.0	0	1	0	1	0	332-5.png
1.0	0.0	2.0	0.0	2.0	2.0	3.0	1	1	1	1	0	332-6.png
2.0	0.0	1.0	0.0	2.0	2.0	3.0	1	1	0	1	0	332-7.png
1.0	1.0	0.0	2.0	1.0	0.0	5.0	1	0	0	1	1	333-0.png
0.0	1.0	0.0	2.0	2.0	0.0	5.0	1	1	1	0	0	333-1.png
2.0	0.0	0.0	2.0	2.0	0.0	1.0	1	1	0	1	1	333-2.png
2.0	1.0	0.0	2.0	2.0	0.0	6.0	0	0	1	0	1	333-3.png
2.0	0.0	0.0	2.0	2.0	0.0	6.0	0	1	1	1	1	333-4.png
2.0	0.0	0.0	2.0	2.0	0.0	6.0	1	0	0	0	0	333-5.png
2.0	1.0	2.0	2.0	2.0	0.0	6.0	0	0	1	0	1	333-6.png
0.0	0.0	2.0	2.0	2.0	0.0	6.0	0	1	1	1	1	333-7.png
2.0	0.0	2.0	2.0	2.0	0.0	6.0	0	1	0	1	1	333-8.png
0.0	0.0	1.0	0.0	0.0	2.0	6.0	0	1	0	1	0	334-0.png
1.0	0.0	1.0	0.0	0.0	2.0	6.0	1	1	0	0	1	334-1.png
0.0	0.0	1.0	0.0	0.0	2.0	6.0	0	1	0	1	0	334-2.png
2.0	0.0	1.0	0.0	2.0	2.0	6.0	0	1	0	1	0	334-3.png
0.0	0.0	1.0	0.0	0.0	2.0	5.0	0	1	0	1	0	334-4.png
0.0	0.0	1.0	0.0	0.0	2.0	5.0	0	1	0	1	0	334-5.png
2.0	0.0	1.0	0.0	0.0	2.0	5.0	1	1	1	0	1	334-6.png
2.0	0.0	1.0	0.0	0.0	2.0	5.0	1	1	0	1	0	334-7.png
2.0	0.0	1.0	0.0	0.0	2.0	6.0	1	1	0	1	1	334-8.png
0.0	0.0	2.0	2.0	2.0	0.0	2.0	0	1	1	1	1	335-0.png
0.0	0.0	2.0	2.0	2.0	0.0	2.0	0	1	1	1	1	335-1.png
0.0	0.0	2.0	0.0	2.0	0.0	2.0	1	0	0	1	1	335-2.png
0.0	0.0	2.0	0.0	2.0	0.0	2.0	0	1	1	1	0	335-3.png
0.0	0.0	2.0	2.0	2.0	0.0	2.0	0	1	1	1	1	335-4.png
0.0	0.0	2.0	2.0	1.0	0.0	2.0	1	0	0	0	1	335-5.png
0.0	0.0	2.0	0.0	2.0	0.0	2.0	0	1	0	1	0	335-6.png
2.0	0.0	2.0	0.0	2.0	0.0	2.0	1	1	0	1	0	335-7.png
2.0	0.0	2.0	2.0	1.0	0.0	6.0	1	1	0	1	0	336-0.png
0.0	0.0	2.0	2.0	1.0	0.0	6.0	0	1	0	1	1	336-1.png
0.0	0.0	2.0	2.0	1.0	0.0	6.0	0	1	0	1	1	336-2.png
2.0	0.0	2.0	2.0	1.0	0.0	6.0	0	1	1	1	1	336-3.png
0.0	0.0	2.0	2.0	1.0	0.0	5.0	1	1	0	1	0	336-4.png
0.0	0.0	2.0	2.0	1.0	0.0	6.0	0	1	0	1	1	336-5.png
2.0	0.0	2.0	2.0	1.0	0.0	6.0	1	0	0	0	1	336-6.png
0.0	0.0	2.0	2.0	1.0	0.0	6.0	0	1	0	1	1	336-7.png
2.0	0.0	2.0	2.0	1.0	0.0	6.0	0	1	1	1	1	336-8.png
2.0	1.0	1.0	0.0	2.0	1.0	1.0	1	1	0	1	0	337-0.png
0.0	0.0	1.0	0.0	2.0	1.0	0.0	1	0	0	1	1	337-1.png
2.0	0.0	1.0	0.0	2.0	1.0	1.0	1	1	0	1	0	337-2.png
0.0	0.0	2.0	0.0	2.0	1.0	0.0	0	1	0	1	0	337-3.png
2.0	1.0	2.0	0.0	2.0	1.0	0.0	0	0	0	1	0	337-4.png
0.0	0.0	2.0	0.0	2.0	1.0	0.0	1	0	1	0	1	337-5.png
0.0	0.0	1.0	0.0	2.0	1.0	1.0	0	1	0	1	0	337-6.png
0.0	0.0	1.0	0.0	2.0	1.0	0.0	0	1	0	1	0	337-7.png
0.0	0.0	2.0	2.0	2.0	2.0	0.0	1	0	1	0	1	337-8.png
2.0	1.0	2.0	2.0	1.0	2.0	2.0	1	0	1	1	1	338-0.png
2.0	0.0	2.0	2.0	1.0	2.0	2.0	1	1	0	1	1	338-1.png
0.0	0.0	0.0	2.0	1.0	2.0	2.0	0	1	0	1	1	338-2.png
0.0	0.0	2.0	2.0	1.0	2.0	2.0	1	0	0	0	1	338-3.png
0.0	1.0	2.0	2.0	1.0	2.0	2.0	0	0	1	1	1	338-4.png
0.0	0.0	2.0	2.0	1.0	2.0	3.0	1	1	0	1	0	338-5.png
2.0	0.0	2.0	2.0	1.0	2.0	2.0	1	1	0	1	1	338-6.png
0.0	1.0	2.0	2.0	1.0	2.0	2.0	0	0	0	1	1	338-7.png
2.0	0.0	2.0	2.0	1.0	2.0	2.0	1	1	1	1	1	338-8.png
0.0	0.0	2.0	0.0	2.0	2.0	5.0	1	1	0	0	1	339-0.png
0.0	0.0	2.0	0.0	2.0	2.0	5.0	0	1	0	1	0	339-1.png
0.0	0.0	2.0	0.0	2.0	2.0	6.0	0	1	0	1	0	339-2.png
2.0	0.0	1.0	0.0	2.0	0.0	2.0	1	1	0	1	0	339-3.png
0.0	0.0	2.0	0.0	2.0	2.0	5.0	1	1	0	1	1	339-4.png
0.0	0.0	2.0	0.0	2.0	2.0	6.0	0	1	0	1	0	339-5.png
2.0	0.0	2.0	2.0	2.0	2.0	6.0	0	1	1	1	1	339-6.png
0.0	0.0	2.0	0.0	2.0	2.0	6.0	1	1	0	0	1	339-7.png
0.0	0.0	2.0	0.0	2.0	2.0	6.0	0	1	0	1	0	339-8.png
2.0	0.0	2.0	0.0	2.0	2.0	6.0	0	1	1	1	0	339-9.png
2.0	0.0	2.0	0.0	2.0	0.0	2.0	1	1	0	1	0	340-0.png
0.0	0.0	2.0	0.0	2.0	0.0	2.0	1	0	0	1	1	340-1.png
2.0	0.0	2.0	0.0	2.0	0.0	2.0	1	1	1	1	0	340-2.png
2.0	0.0	2.0	0.0	2.0	0.0	2.0	1	1	0	1	0	340-3.png
2.0	0.0	2.0	0.0	2.0	0.0	2.0	1	1	0	0	1	340-4.png
2.0	0.0	1.0	0.0	2.0	0.0	2.0	1	1	0	1	0	340-5.png
0.0	0.0	2.0	0.0	2.0	0.0	2.0	0	1	1	1	0	340-6.png
2.0	0.0	2.0	0.0	2.0	0.0	2.0	1	1	0	1	0	340-7.png
2.0	1.0	0.0	2.0	1.0	2.0	3.0	1	1	0	1	1	341-0.png
0.0	1.0	0.0	2.0	1.0	2.0	3.0	0	0	0	1	1	341-2.png
0.0	0.0	0.0	2.0	1.0	2.0	3.0	0	1	1	1	1	341-3.png
2.0	1.0	0.0	2.0	2.0	2.0	3.0	1	1	1	1	1	341-4.png
2.0	1.0	0.0	2.0	1.0	2.0	3.0	1	1	0	1	1	341-5.png
2.0	0.0	0.0	2.0	2.0	2.0	2.0	1	1	1	1	1	341-6.png
0.0	0.0	0.0	2.0	2.0	2.0	3.0	0	1	1	1	1	341-7.png
2.0	1.0	0.0	2.0	2.0	2.0	3.0	1	0	0	1	1	341-8.png
2.0	0.0	0.0	2.0	2.0	2.0	3.0	1	1	1	1	1	341-9.png
2.0	0.0	2.0	2.0	2.0	0.0	1.0	1	1	1	1	1	342-0.png
2.0	0.0	2.0	0.0	2.0	0.0	1.0	0	0	0	1	1	342-1.png
2.0	0.0	2.0	2.0	2.0	0.0	1.0	1	1	1	1	1	342-2.png
2.0	0.0	2.0	2.0	2.0	0.0	1.0	1	1	1	1	1	342-3.png
2.0	0.0	2.0	2.0	2.0	0.0	1.0	1	1	0	0	0	342-4.png
2.0	0.0	2.0	2.0	2.0	0.0	1.0	1	1	1	1	1	342-5.png
0.0	0.0	2.0	2.0	2.0	0.0	1.0	0	1	1	1	1	342-6.png
2.0	0.0	2.0	2.0	2.0	0.0	1.0	1	1	1	1	1	342-7.png
2.0	0.0	2.0	2.0	2.0	0.0	1.0	1	1	0	1	1	342-8.png
0.0	0.0	1.0	0.0	2.0	1.0	2.0	1	1	0	1	1	343-0.png
0.0	0.0	1.0	0.0	2.0	1.0	2.0	0	1	0	1	0	343-1.png
0.0	0.0	1.0	0.0	2.0	1.0	2.0	0	1	0	1	0	343-2.png
2.0	0.0	1.0	0.0	2.0	1.0	2.0	1	0	0	0	1	343-3.png
2.0	0.0	1.0	0.0	0.0	1.0	2.0	1	1	0	1	0	343-4.png
0.0	0.0	1.0	0.0	2.0	1.0	2.0	0	1	1	1	0	343-5.png
0.0	0.0	1.0	0.0	2.0	1.0	2.0	0	1	0	1	0	343-6.png
2.0	0.0	1.0	0.0	2.0	1.0	2.0	1	1	0	1	1	343-7.png
0.0	0.0	1.0	0.0	2.0	2.0	2.0	0	1	1	1	0	343-8.png
2.0	1.0	2.0	2.0	1.0	0.0	3.0	1	0	0	1	1	344-0.png
2.0	1.0	2.0	2.0	1.0	0.0	3.0	1	0	1	1	1	344-1.png
2.0	0.0	2.0	0.0	2.0	0.0	3.0	1	1	0	1	0	344-10.png
0.0	1.0	2.0	2.0	1.0	0.0	3.0	0	1	0	1	1	344-2.png
0.0	1.0	2.0	2.0	1.0	0.0	3.0	0	0	0	1	1	344-3.png
1.0	1.0	2.0	2.0	2.0	0.0	3.0	1	0	1	1	1	344-4.png
2.0	0.0	2.0	0.0	2.0	0.0	3.0	1	1	0	0	1	344-5.png
2.0	1.0	0.0	2.0	1.0	1.0	4.0	0	0	1	1	1	344-6.png
1.0	0.0	0.0	2.0	1.0	1.0	4.0	0	1	0	1	1	344-7.png
2.0	0.0	2.0	0.0	2.0	0.0	3.0	1	1	0	1	0	344-8.png
0.0	1.0	2.0	0.0	2.0	0.0	3.0	1	0	1	1	1	344-9.png
2.0	1.0	0.0	2.0	1.0	1.0	4.0	0	0	0	1	1	345-0.png
1.0	1.0	0.0	2.0	1.0	1.0	4.0	0	0	0	1	1	345-1.png
2.0	0.0	0.0	2.0	1.0	1.0	4.0	0	1	1	0	1	345-2.png
2.0	1.0	0.0	2.0	1.0	1.0	4.0	1	1	0	1	0	345-3.png
2.0	0.0	0.0	2.0	1.0	1.0	4.0	0	1	0	1	1	345-4.png
2.0	0.0	2.0	2.0	1.0	1.0	4.0	0	1	1	1	1	345-5.png
2.0	1.0	0.0	2.0	1.0	1.0	4.0	0	0	0	1	1	345-6.png
0.0	1.0	0.0	2.0	1.0	1.0	4.0	1	1	0	1	0	346-0.png
0.0	0.0	0.0	2.0	1.0	1.0	4.0	0	1	1	1	1	346-1.png
0.0	0.0	0.0	2.0	1.0	1.0	4.0	0	1	0	1	1	346-2.png
0.0	0.0	0.0	2.0	1.0	1.0	4.0	0	1	0	1	1	346-3.png
0.0	1.0	0.0	2.0	2.0	1.0	4.0	0	0	1	1	1	346-4.png
0.0	0.0	0.0	2.0	1.0	1.0	4.0	0	1	0	1	1	346-5.png
2.0	0.0	0.0	2.0	1.0	1.0	4.0	0	1	0	1	1	346-6.png
0.0	0.0	0.0	2.0	1.0	1.0	4.0	0	1	0	1	1	346-7.png
2.0	0.0	0.0	2.0	2.0	2.0	4.0	0	1	1	1	1	346-8.png
2.0	1.0	0.0	2.0	1.0	1.0	5.0	1	1	0	1	0	347-0.png
0.0	0.0	2.0	2.0	1.0	1.0	5.0	0	1	0	1	1	347-1.png
2.0	0.0	2.0	2.0	1.0	1.0	5.0	1	1	1	1	1	347-2.png
2.0	0.0	0.0	2.0	1.0	1.0	5.0	1	1	0	1	1	347-3.png
2.0	1.0	2.0	2.0	1.0	1.0	5.0	1	0	0	1	1	347-4.png
0.0	0.0	0.0	2.0	1.0	1.0	5.0	1	1	0	1	0	347-5.png
0.0	0.0	0.0	2.0	1.0	1.0	5.0	0	1	0	1	1	347-6.png
0.0	0.0	0.0	2.0	1.0	1.0	5.0	0	1	0	1	1	347-7.png
2.0	0.0	2.0	2.0	1.0	1.0	5.0	1	1	1	0	0	347-8.png
2.0	0.0	2.0	2.0	1.0	2.0	1.0	1	1	0	1	1	348-0.png
2.0	0.0	2.0	0.0	1.0	2.0	1.0	1	1	0	1	0	348-1.png
2.0	1.0	2.0	2.0	1.0	2.0	1.0	1	1	0	1	1	348-2.png
2.0	0.0	2.0	2.0	1.0	2.0	1.0	1	1	1	1	1	348-3.png
2.0	0.0	2.0	0.0	2.0	2.0	1.0	1	0	0	0	1	348-4.png
2.0	1.0	2.0	0.0	2.0	2.0	1.0	1	0	0	1	0	348-5.png
2.0	0.0	2.0	0.0	1.0	2.0	1.0	1	1	0	1	0	348-6.png
2.0	0.0	2.0	0.0	1.0	2.0	1.0	1	1	1	1	0	348-7.png
0.0	0.0	2.0	0.0	1.0	2.0	1.0	1	0	0	0	1	348-8.png
0.0	0.0	1.0	0.0	0.0	1.0	5.0	0	1	0	1	0	349-0.png
0.0	0.0	1.0	0.0	0.0	1.0	5.0	0	1	0	1	0	349-1.png
2.0	0.0	1.0	0.0	0.0	1.0	5.0	1	1	1	1	1	349-2.png
2.0	0.0	1.0	0.0	0.0	1.0	5.0	1	1	0	1	0	349-3.png
2.0	0.0	1.0	0.0	0.0	1.0	5.0	1	1	0	1	1	349-4.png
2.0	0.0	1.0	0.0	0.0	1.0	5.0	1	0	0	1	0	349-5.png
0.0	0.0	1.0	0.0	0.0	1.0	5.0	0	1	1	1	0	349-6.png
2.0	0.0	1.0	0.0	0.0	1.0	5.0	1	1	0	1	1	349-7.png
2.0	0.0	1.0	0.0	0.0	1.0	5.0	1	1	0	1	0	349-8.png
2.0	1.0	1.0	0.0	1.0	2.0	4.0	0	1	1	1	0	350-0.png
2.0	1.0	1.0	0.0	1.0	2.0	4.0	0	1	1	1	1	350-1.png
2.0	0.0	1.0	0.0	1.0	2.0	4.0	0	1	0	1	0	350-2.png
2.0	1.0	1.0	0.0	1.0	2.0	4.0	0	1	1	1	0	350-3.png
2.0	0.0	2.0	2.0	1.0	2.0	1.0	1	1	0	1	1	351-0.png
2.0	1.0	2.0	2.0	1.0	2.0	1.0	1	1	0	0	1	351-1.png
2.0	1.0	0.0	2.0	1.0	2.0	1.0	1	0	1	1	1	351-2.png
2.0	1.0	2.0	2.0	1.0	2.0	1.0	1	1	0	1	1	351-3.png
0.0	0.0	2.0	2.0	1.0	2.0	1.0	0	1	0	1	1	351-4.png
2.0	0.0	2.0	2.0	1.0	2.0	3.0	1	1	0	1	1	352-0.png
2.0	0.0	2.0	2.0	0.0	2.0	3.0	1	1	1	1	0	352-1.png
2.0	0.0	2.0	2.0	1.0	2.0	3.0	1	1	0	1	1	352-2.png
1.0	0.0	2.0	2.0	2.0	2.0	4.0	0	1	1	1	1	352-3.png
0.0	0.0	2.0	0.0	2.0	2.0	3.0	0	1	0	1	0	352-4.png
2.0	0.0	2.0	2.0	2.0	2.0	5.0	1	1	1	1	1	353-0.png
2.0	0.0	2.0	0.0	1.0	0.0	5.0	1	1	0	1	0	353-1.png
2.0	1.0	2.0	2.0	1.0	0.0	2.0	1	0	0	1	1	353-2.png
2.0	1.0	2.0	2.0	1.0	0.0	2.0	1	1	0	1	1	353-3.png
1.0	0.0	2.0	2.0	1.0	0.0	2.0	1	1	0	1	1	353-4.png
2.0	1.0	0.0	2.0	2.0	2.0	5.0	1	0	1	1	1	354-0.png
1.0	0.0	2.0	2.0	0.0	1.0	5.0	1	1	0	1	0	354-1.png
2.0	1.0	0.0	2.0	2.0	2.0	1.0	1	0	1	1	1	354-2.png
2.0	1.0	2.0	2.0	2.0	1.0	1.0	1	0	1	1	1	354-3.png
2.0	1.0	2.0	2.0	2.0	1.0	1.0	1	1	1	1	1	354-4.png
2.0	0.0	2.0	0.0	1.0	2.0	4.0	0	1	0	1	0	355-0.png
2.0	0.0	2.0	0.0	1.0	0.0	4.0	0	1	1	1	0	355-1.png
2.0	1.0	1.0	0.0	1.0	0.0	4.0	0	1	0	1	0	355-2.png
2.0	1.0	1.0	0.0	1.0	0.0	4.0	0	1	0	1	0	355-3.png
2.0	0.0	2.0	0.0	1.0	0.0	4.0	0	1	1	1	0	355-4.png
0.0	0.0	0.0	2.0	1.0	0.0	3.0	0	1	0	1	1	356-0.png
0.0	0.0	0.0	2.0	1.0	0.0	3.0	0	1	0	1	1	356-1.png
2.0	1.0	2.0	2.0	2.0	0.0	2.0	1	1	1	1	1	357-0.png
2.0	1.0	2.0	2.0	1.0	0.0	2.0	1	0	1	1	1	357-1.png
2.0	1.0	2.0	0.0	2.0	0.0	2.0	1	1	0	1	0	357-2.png
0.0	0.0	2.0	2.0	1.0	0.0	2.0	0	1	0	1	1	359-0.png
0.0	1.0	0.0	2.0	1.0	0.0	2.0	1	0	0	1	1	360-0.png
1.0	0.0	0.0	1.0	1.0	0.0	6.0	0	1	1	1	1	361-0.png
2.0	0.0	2.0	0.0	1.0	1.0	2.0	1	1	0	1	0	362-0.png
2.0	0.0	2.0	0.0	2.0	1.0	5.0	1	1	0	1	0	363-0.png
0.0	0.0	0.0	1.0	1.0	2.0	1.0	0	1	1	1	1	364-0.png
0.0	0.0	0.0	2.0	1.0	1.0	5.0	0	1	0	1	1	364-1.png
2.0	1.0	2.0	2.0	2.0	1.0	3.0	1	0	1	1	1	365-0.png
2.0	0.0	2.0	0.0	2.0	2.0	5.0	1	1	0	1	0	366-0.png
0.0	1.0	2.0	0.0	2.0	2.0	1.0	0	1	1	1	0	367-0.png
2.0	0.0	1.0	0.0	2.0	1.0	4.0	0	1	0	1	0	368-0.png
2.0	1.0	2.0	0.0	2.0	2.0	5.0	1	0	1	1	0	369-0.png
2.0	0.0	2.0	2.0	1.0	2.0	1.0	1	1	0	1	1	370-0.png
2.0	0.0	1.0	0.0	0.0	2.0	3.0	1	1	1	1	0	371-0.png
2.0	0.0	0.0	2.0	2.0	2.0	4.0	0	1	1	1	1	372-0.png
2.0	0.0	2.0	0.0	2.0	0.0	4.0	0	1	0	1	0	373-0.png
0.0	1.0	1.0	0.0	2.0	1.0	2.0	0	1	0	1	0	375-0.png
0.0	0.0	2.0	2.0	0.0	0.0	6.0	0	1	1	1	0	376-0.png
2.0	1.0	2.0	0.0	2.0	2.0	5.0	1	1	0	1	0	377-0.png
2.0	0.0	1.0	0.0	2.0	2.0	6.0	0	1	0	1	0	378-0.png
2.0	0.0	1.0	0.0	2.0	1.0	1.0	1	1	0	1	0	379-0.png
0.0	0.0	2.0	0.0	2.0	1.0	1.0	0	1	0	1	0	379-1.png
2.0	1.0	2.0	0.0	2.0	2.0	3.0	1	0	1	1	0	380-0.png
2.0	1.0	2.0	0.0	1.0	2.0	3.0	1	1	0	1	0	380-1.png
2.0	1.0	0.0	1.0	1.0	0.0	3.0	1	0	0	1	1	382-0.png
0.0	1.0	0.0	2.0	0.0	0.0	3.0	0	1	1	1	0	382-1.png
2.0	0.0	1.0	0.0	1.0	2.0	0.0	0	1	0	1	0	383-0.png
1.0	1.0	2.0	2.0	1.0	2.0	0.0	0	0	1	1	1	383-1.png
2.0	1.0	2.0	2.0	2.0	1.0	2.0	1	1	1	1	1	384-0.png
0.0	1.0	0.0	2.0	2.0	1.0	2.0	0	0	1	1	1	384-1.png
2.0	1.0	2.0	2.0	0.0	1.0	5.0	1	0	0	1	0	384-2.png
2.0	1.0	0.0	2.0	2.0	1.0	2.0	1	0	1	1	1	384-3.png
0.0	1.0	2.0	2.0	0.0	1.0	2.0	0	0	0	1	0	384-4.png
0.0	0.0	2.0	2.0	0.0	1.0	6.0	0	1	1	1	0	384-5.png
0.0	1.0	2.0	2.0	2.0	1.0	6.0	0	0	1	1	1	384-6.png
0.0	1.0	2.0	2.0	2.0	1.0	2.0	0	1	1	1	1	384-7.png
2.0	0.0	2.0	0.0	2.0	1.0	6.0	0	1	0	1	0	384-8.png
0.0	1.0	0.0	2.0	1.0	1.0	6.0	0	0	0	0	1	384-9.png
1.0	1.0	0.0	2.0	1.0	0.0	3.0	1	0	1	1	1	385-0.png
2.0	0.0	0.0	2.0	1.0	0.0	3.0	1	1	0	1	1	385-1.png
2.0	1.0	0.0	2.0	2.0	0.0	3.0	1	0	1	1	1	385-2.png
2.0	0.0	0.0	2.0	1.0	0.0	3.0	1	1	0	1	1	385-3.png
2.0	0.0	0.0	2.0	1.0	0.0	3.0	1	1	0	1	1	385-4.png
1.0	0.0	2.0	2.0	1.0	1.0	4.0	1	0	1	1	0	386-0.png
0.0	0.0	2.0	2.0	2.0	1.0	4.0	0	1	1	1	1	386-1.png
2.0	0.0	2.0	2.0	1.0	1.0	4.0	0	1	0	1	1	386-3.png
2.0	0.0	2.0	0.0	1.0	1.0	4.0	1	1	0	0	1	386-4.png
2.0	0.0	2.0	2.0	1.0	1.0	4.0	0	1	0	1	1	386-5.png
1.0	0.0	2.0	2.0	2.0	2.0	3.0	1	0	1	0	1	387-0.png
2.0	1.0	2.0	0.0	2.0	2.0	4.0	0	0	0	1	0	387-1.png
2.0	0.0	2.0	2.0	2.0	0.0	3.0	1	1	0	1	1	387-2.png
2.0	1.0	2.0	0.0	2.0	2.0	4.0	1	0	0	0	1	387-3.png
2.0	1.0	2.0	2.0	2.0	0.0	3.0	1	0	1	1	1	387-4.png
1.0	1.0	1.0	0.0	2.0	1.0	4.0	0	1	0	1	0	388-0.png
1.0	1.0	1.0	0.0	2.0	1.0	4.0	0	1	0	1	0	388-1.png
1.0	1.0	1.0	0.0	2.0	1.0	4.0	1	1	1	0	1	388-2.png
1.0	1.0	2.0	0.0	2.0	2.0	1.0	1	0	0	1	0	389-0.png
2.0	1.0	2.0	2.0	1.0	2.0	1.0	1	1	0	1	0	389-1.png
2.0	1.0	2.0	0.0	1.0	2.0	1.0	1	0	0	1	0	389-2.png
0.0	0.0	2.0	2.0	1.0	2.0	1.0	0	1	0	1	1	389-4.png
2.0	1.0	2.0	0.0	1.0	2.0	1.0	1	1	1	1	1	389-5.png
2.0	1.0	0.0	2.0	1.0	2.0	2.0	1	1	0	1	1	390-0.png
1.0	0.0	0.0	2.0	1.0	2.0	2.0	1	1	0	1	1	390-1.png
2.0	0.0	0.0	2.0	1.0	2.0	2.0	1	1	0	1	1	390-2.png
1.0	0.0	0.0	2.0	1.0	2.0	2.0	1	1	0	1	1	390-3.png
1.0	1.0	0.0	2.0	2.0	2.0	2.0	1	1	1	1	1	390-4.png
2.0	0.0	2.0	0.0	2.0	2.0	3.0	1	1	0	1	0	391-0.png
1.0	0.0	2.0	0.0	2.0	2.0	3.0	1	1	0	1	0	391-1.png
1.0	1.0	2.0	0.0	2.0	2.0	3.0	1	1	0	1	1	391-2.png
1.0	0.0	1.0	0.0	2.0	2.0	3.0	1	1	1	1	1	391-3.png
2.0	0.0	2.0	0.0	2.0	2.0	3.0	1	1	0	1	1	391-4.png
1.0	1.0	0.0	2.0	1.0	0.0	2.0	1	1	0	1	1	392-0.png
1.0	1.0	0.0	2.0	2.0	0.0	2.0	1	1	1	1	1	392-1.png
1.0	0.0	0.0	2.0	1.0	0.0	2.0	1	1	0	1	1	392-2.png
1.0	1.0	0.0	2.0	1.0	0.0	2.0	1	1	0	1	1	392-3.png
2.0	0.0	2.0	2.0	2.0	0.0	2.0	1	1	1	1	1	393-0.png
2.0	0.0	2.0	2.0	1.0	0.0	2.0	1	1	0	1	1	393-1.png
2.0	0.0	2.0	0.0	2.0	0.0	2.0	1	1	0	1	0	393-2.png
1.0	0.0	2.0	0.0	2.0	0.0	6.0	0	1	0	1	0	393-3.png
2.0	0.0	2.0	0.0	2.0	0.0	6.0	1	1	0	1	0	393-4.png
2.0	0.0	1.0	0.0	0.0	2.0	3.0	1	1	1	1	0	394-0.png
0.0	0.0	1.0	0.0	0.0	2.0	3.0	1	1	0	1	0	394-1.png
0.0	1.0	1.0	0.0	2.0	1.0	5.0	1	1	0	1	0	395-0.png
2.0	0.0	1.0	2.0	2.0	1.0	4.0	0	1	0	1	1	396-0.png
2.0	1.0	2.0	2.0	1.0	0.0	3.0	1	0	0	1	1	397-0.png
2.0	1.0	2.0	2.0	1.0	1.0	4.0	0	0	0	1	1	398-0.png
0.0	0.0	2.0	0.0	2.0	1.0	1.0	0	1	1	1	1	399-0.png
2.0	1.0	0.0	2.0	1.0	1.0	2.0	1	0	0	1	1	400-0.png
2.0	0.0	1.0	0.0	2.0	1.0	0.0	1	1	0	1	1	401-0.png
0.0	0.0	0.0	2.0	1.0	2.0	2.0	0	1	0	1	1	402-0.png
0.0	0.0	2.0	2.0	2.0	2.0	6.0	0	1	1	1	1	403-0.png
2.0	1.0	2.0	2.0	2.0	2.0	6.0	0	1	1	0	1	403-1.png
2.0	0.0	2.0	0.0	2.0	2.0	5.0	1	1	0	1	0	404-0.png
0.0	0.0	2.0	0.0	2.0	2.0	1.0	0	1	0	1	0	405-0.png
2.0	0.0	2.0	0.0	2.0	2.0	1.0	1	1	0	1	0	405-1.png
2.0	1.0	2.0	2.0	1.0	1.0	1.0	1	0	0	1	1	406-0.png
2.0	0.0	1.0	0.0	0.0	1.0	5.0	1	1	0	1	0	407-0.png
2.0	0.0	1.0	0.0	2.0	2.0	6.0	1	0	1	0	1	408-0.png
2.0	0.0	1.0	0.0	2.0	2.0	5.0	1	1	0	1	0	408-1.png
0.0	1.0	0.0	2.0	1.0	2.0	2.0	1	0	0	1	1	409-0.png
0.0	1.0	0.0	1.0	1.0	2.0	2.0	1	0	0	1	1	409-1.png
0.0	1.0	1.0	0.0	2.0	1.0	6.0	1	1	0	0	0	410-0.png
0.0	0.0	1.0	0.0	0.0	2.0	2.0	0	1	0	1	1	411-0.png
0.0	1.0	0.0	2.0	2.0	2.0	2.0	0	0	1	1	1	412-0.png
2.0	0.0	1.0	0.0	2.0	1.0	5.0	1	1	0	1	0	413-0.png
2.0	0.0	2.0	2.0	2.0	0.0	5.0	1	1	0	1	1	414-0.png
0.0	0.0	2.0	2.0	2.0	0.0	5.0	0	1	0	1	1	414-1.png
0.0	1.0	2.0	0.0	0.0	1.0	2.0	0	1	0	1	1	415-0.png
0.0	1.0	2.0	2.0	0.0	1.0	2.0	0	0	0	1	0	415-1.png
2.0	0.0	2.0	0.0	0.0	1.0	2.0	1	1	0	1	0	415-2.png
0.0	1.0	2.0	0.0	0.0	1.0	2.0	0	0	0	1	0	415-3.png
2.0	1.0	2.0	0.0	0.0	1.0	2.0	1	1	0	1	0	415-4.png
2.0	1.0	2.0	2.0	0.0	1.0	2.0	1	0	0	1	1	415-5.png
0.0	1.0	2.0	0.0	0.0	1.0	2.0	1	0	0	1	0	415-6.png
1.0	1.0	0.0	2.0	1.0	0.0	2.0	1	0	0	1	1	416-0.png
0.0	0.0	1.0	0.0	0.0	2.0	3.0	0	1	0	1	0	417-0.png
0.0	0.0	2.0	2.0	2.0	2.0	3.0	0	1	0	1	1	418-0.png
2.0	1.0	0.0	1.0	1.0	1.0	3.0	1	1	0	0	1	419-0.png
2.0	0.0	1.0	0.0	2.0	1.0	4.0	0	1	0	1	0	420-0.png
2.0	0.0	1.0	0.0	2.0	2.0	4.0	0	1	0	1	0	420-1.png
2.0	0.0	2.0	0.0	2.0	1.0	3.0	1	1	0	1	1	421-0.png
1.0	1.0	0.0	1.0	1.0	1.0	1.0	1	0	0	0	1	422-0.png
0.0	0.0	0.0	1.0	1.0	2.0	2.0	1	1	0	1	1	423-0.png
2.0	0.0	0.0	2.0	1.0	1.0	5.0	0	1	0	0	0	424-0.png
2.0	0.0	2.0	0.0	2.0	1.0	3.0	1	1	0	1	0	425-0.png
2.0	0.0	2.0	2.0	1.0	2.0	3.0	1	1	0	1	1	426-0.png
0.0	1.0	2.0	0.0	2.0	2.0	2.0	1	0	0	1	1	427-0.png
0.0	0.0	2.0	0.0	2.0	1.0	1.0	0	1	0	1	0	428-0.png
2.0	0.0	0.0	2.0	2.0	2.0	5.0	1	1	0	1	1	429-0.png
2.0	1.0	0.0	2.0	2.0	1.0	1.0	1	0	0	1	1	430-0.png
2.0	1.0	2.0	2.0	1.0	2.0	4.0	0	0	0	0	1	431-0.png
2.0	0.0	1.0	0.0	2.0	1.0	4.0	1	1	0	1	1	432-0.png
2.0	0.0	2.0	0.0	2.0	1.0	3.0	1	1	0	1	0	433-0.png
2.0	1.0	1.0	0.0	2.0	2.0	4.0	0	1	0	1	0	434-0.png
2.0	0.0	1.0	0.0	0.0	1.0	4.0	0	1	0	1	0	435-0.png
2.0	0.0	1.0	0.0	2.0	1.0	0.0	1	1	0	1	1	436-0.png
2.0	0.0	0.0	2.0	1.0	2.0	6.0	0	1	0	1	1	439-0.png
1.0	1.0	0.0	2.0	1.0	2.0	6.0	0	0	0	0	1	439-1.png
2.0	0.0	2.0	2.0	0.0	0.0	6.0	1	1	0	1	1	440-0.png
1.0	1.0	2.0	2.0	1.0	2.0	6.0	0	0	0	0	1	441-0.png
2.0	0.0	2.0	0.0	2.0	1.0	2.0	1	1	0	1	0	442-0.png
2.0	0.0	2.0	0.0	2.0	1.0	2.0	0	1	0	0	0	442-1.png
2.0	0.0	0.0	2.0	1.0	0.0	2.0	1	1	0	1	1	443-0.png
2.0	0.0	0.0	2.0	1.0	0.0	3.0	1	1	0	0	1	443-1.png
2.0	0.0	1.0	0.0	2.0	1.0	6.0	0	0	0	1	0	444-0.png
2.0	0.0	1.0	0.0	2.0	1.0	6.0	0	1	0	1	0	444-1.png
2.0	0.0	2.0	0.0	2.0	2.0	2.0	0	1	0	1	1	445-0.png
2.0	0.0	2.0	0.0	2.0	2.0	2.0	1	1	0	1	0	445-1.png
2.0	1.0	0.0	2.0	2.0	1.0	2.0	1	0	0	1	1	446-0.png
2.0	1.0	0.0	2.0	2.0	2.0	2.0	1	0	0	1	1	446-1.png
0.0	1.0	2.0	2.0	1.0	1.0	5.0	1	0	0	1	0	447-0.png
1.0	1.0	2.0	2.0	1.0	1.0	5.0	1	0	0	1	1	447-1.png
2.0	0.0	2.0	0.0	2.0	2.0	1.0	1	1	0	1	0	448-0.png
0.0	0.0	2.0	0.0	2.0	2.0	5.0	1	1	0	1	1	448-1.png
0.0	0.0	2.0	2.0	1.0	1.0	2.0	0	1	0	1	1	449-0.png
0.0	0.0	2.0	2.0	1.0	1.0	2.0	0	1	0	1	1	449-1.png
0.0	1.0	2.0	2.0	2.0	2.0	1.0	1	0	1	1	0	450-0.png
0.0	0.0	2.0	2.0	2.0	2.0	1.0	0	1	0	1	1	450-1.png
0.0	0.0	2.0	2.0	0.0	2.0	2.0	0	1	0	1	0	451-0.png
1.0	1.0	0.0	2.0	2.0	2.0	2.0	1	0	1	1	1	451-1.png
0.0	0.0	0.0	2.0	1.0	2.0	6.0	0	1	0	1	1	452-0.png
2.0	0.0	2.0	2.0	1.0	0.0	6.0	1	1	0	1	0	452-1.png
0.0	0.0	2.0	2.0	1.0	2.0	6.0	0	1	0	1	1	453-0.png
1.0	0.0	0.0	2.0	1.0	2.0	5.0	1	1	0	1	1	453-1.png
2.0	0.0	2.0	0.0	2.0	1.0	2.0	1	1	0	1	0	454-0.png
0.0	0.0	2.0	0.0	2.0	1.0	2.0	1	1	0	1	1	454-1.png
2.0	0.0	2.0	0.0	2.0	1.0	2.0	1	1	0	1	0	454-2.png
2.0	0.0	2.0	0.0	2.0	1.0	2.0	1	1	0	1	0	454-3.png
2.0	0.0	2.0	0.0	2.0	1.0	2.0	1	1	1	1	0	454-4.png
2.0	0.0	2.0	2.0	1.0	1.0	2.0	1	1	0	1	1	455-0.png
0.0	0.0	2.0	2.0	1.0	1.0	2.0	1	1	0	1	0	455-1.png
2.0	0.0	0.0	2.0	1.0	1.0	2.0	1	1	0	1	1	455-2.png
0.0	0.0	2.0	2.0	1.0	1.0	2.0	0	1	0	1	1	455-3.png
2.0	0.0	2.0	2.0	1.0	1.0	2.0	1	1	1	1	1	455-4.png
1.0	0.0	2.0	2.0	0.0	1.0	3.0	0	1	0	1	1	456-0.png
1.0	0.0	2.0	2.0	0.0	1.0	3.0	1	1	0	1	0	456-1.png
1.0	0.0	2.0	2.0	0.0	1.0	3.0	0	1	0	0	1	456-2.png
1.0	1.0	0.0	2.0	0.0	1.0	3.0	1	0	0	1	0	456-3.png
2.0	1.0	0.0	2.0	0.0	1.0	3.0	1	0	0	1	0	456-4.png
2.0	1.0	0.0	1.0	1.0	2.0	4.0	0	0	0	1	1	457-0.png
2.0	0.0	2.0	2.0	1.0	0.0	1.0	1	1	1	1	1	458-0.png
2.0	0.0	2.0	0.0	1.0	2.0	1.0	1	1	0	1	0	458-1.png
2.0	0.0	2.0	2.0	1.0	2.0	1.0	1	1	0	1	1	458-2.png
2.0	0.0	2.0	2.0	2.0	1.0	3.0	1	1	0	1	1	459-0.png
2.0	0.0	2.0	2.0	2.0	2.0	3.0	0	1	0	1	0	460-0.png
1.0	1.0	0.0	1.0	1.0	1.0	4.0	0	0	0	1	1	461-0.png
0.0	0.0	1.0	0.0	2.0	1.0	2.0	1	1	0	1	1	462-0.png
2.0	0.0	1.0	0.0	0.0	1.0	1.0	1	1	0	1	0	463-0.png
2.0	0.0	2.0	0.0	0.0	1.0	6.0	0	1	0	1	0	464-0.png
2.0	0.0	2.0	2.0	2.0	1.0	2.0	1	1	0	1	1	465-0.png
0.0	0.0	2.0	0.0	1.0	2.0	2.0	1	1	0	1	1	466-0.png
2.0	0.0	1.0	0.0	0.0	1.0	1.0	1	1	0	1	0	467-0.png
2.0	0.0	2.0	0.0	2.0	2.0	3.0	1	1	0	1	0	468-0.png
2.0	1.0	0.0	2.0	1.0	2.0	1.0	1	0	0	1	1	469-0.png
2.0	0.0	1.0	0.0	2.0	1.0	3.0	1	1	0	1	0	470-0.png
0.0	1.0	0.0	2.0	1.0	1.0	2.0	0	0	0	1	1	471-0.png
2.0	1.0	0.0	2.0	1.0	1.0	6.0	1	1	0	1	1	472-0.png
2.0	1.0	2.0	2.0	2.0	1.0	4.0	0	0	0	1	1	473-0.png
2.0	0.0	2.0	0.0	1.0	1.0	4.0	0	1	0	1	0	474-0.png
2.0	1.0	2.0	0.0	1.0	1.0	4.0	1	1	0	1	1	475-0.png
0.0	0.0	2.0	0.0	2.0	2.0	1.0	0	1	0	1	0	476-0.png
2.0	1.0	0.0	2.0	1.0	1.0	1.0	1	0	0	1	1	477-0.png
0.0	0.0	0.0	2.0	1.0	1.0	5.0	0	1	0	1	1	478-0.png
2.0	0.0	1.0	0.0	2.0	2.0	6.0	1	1	0	1	1	479-0.png
2.0	0.0	0.0	2.0	1.0	2.0	2.0	1	1	0	1	1	480-0.png
0.0	0.0	0.0	2.0	1.0	2.0	2.0	0	1	0	1	1	480-1.png
2.0	0.0	2.0	0.0	2.0	2.0	6.0	0	1	0	1	0	481-0.png
2.0	0.0	2.0	0.0	2.0	2.0	2.0	1	1	1	1	0	481-1.png
2.0	0.0	2.0	0.0	2.0	2.0	3.0	1	1	0	1	0	482-0.png
0.0	0.0	1.0	0.0	0.0	2.0	3.0	1	1	0	1	1	482-1.png
2.0	0.0	0.0	2.0	1.0	0.0	4.0	0	1	0	1	1	483-0.png
2.0	0.0	0.0	2.0	2.0	0.0	4.0	0	1	1	1	1	483-1.png
1.0	0.0	1.0	0.0	2.0	2.0	2.0	1	1	0	1	0	484-0.png
2.0	0.0	1.0	0.0	2.0	2.0	2.0	1	1	0	1	0	484-1.png
0.0	1.0	0.0	2.0	2.0	2.0	6.0	1	1	1	1	1	485-0.png
1.0	1.0	2.0	0.0	2.0	2.0	1.0	1	0	0	1	0	486-0.png
2.0	0.0	2.0	0.0	1.0	2.0	1.0	1	1	0	1	0	486-1.png
2.0	0.0	1.0	0.0	2.0	1.0	3.0	1	1	1	1	0	487-0.png
2.0	0.0	2.0	0.0	2.0	1.0	6.0	0	1	0	1	0	487-1.png
0.0	0.0	1.0	0.0	2.0	2.0	5.0	0	1	0	1	0	488-0.png
0.0	0.0	1.0	0.0	2.0	2.0	5.0	0	1	0	1	0	488-1.png
2.0	1.0	2.0	2.0	2.0	2.0	0.0	0	0	1	1	1	489-0.png
2.0	0.0	2.0	2.0	2.0	2.0	0.0	0	1	1	1	1	489-1.png
1.0	0.0	1.0	0.0	2.0	2.0	4.0	0	1	0	1	0	490-0.png
0.0	0.0	1.0	0.0	2.0	2.0	4.0	0	1	1	1	0	490-1.png
2.0	0.0	2.0	2.0	1.0	1.0	2.0	1	1	0	1	1	491-0.png
0.0	0.0	2.0	2.0	1.0	1.0	2.0	0	1	0	1	1	491-1.png
0.0	0.0	1.0	0.0	2.0	1.0	2.0	0	1	0	1	0	492-0.png
2.0	1.0	2.0	0.0	2.0	2.0	2.0	1	0	0	1	0	492-1.png
2.0	0.0	2.0	2.0	2.0	0.0	5.0	1	1	1	1	1	493-0.png
2.0	0.0	2.0	2.0	2.0	0.0	5.0	1	1	0	1	1	493-1.png
0.0	1.0	2.0	0.0	0.0	2.0	6.0	0	0	0	0	0	494-0.png
0.0	0.0	2.0	0.0	2.0	2.0	6.0	0	1	0	1	0	494-1.png
0.0	0.0	2.0	2.0	1.0	0.0	6.0	0	1	0	1	1	495-0.png
0.0	0.0	2.0	0.0	2.0	2.0	2.0	0	1	0	1	0	495-1.png
0.0	0.0	2.0	0.0	2.0	0.0	2.0	0	1	0	1	0	495-2.png
2.0	0.0	0.0	2.0	2.0	2.0	2.0	1	1	1	1	1	496-0.png
2.0	0.0	0.0	2.0	2.0	2.0	2.0	1	1	0	1	1	496-1.png
1.0	0.0	2.0	2.0	2.0	2.0	2.0	1	1	0	1	1	496-2.png
1.0	1.0	0.0	2.0	2.0	2.0	2.0	1	0	1	1	1	496-3.png
0.0	1.0	0.0	1.0	1.0	2.0	5.0	0	0	0	1	1	497-0.png
2.0	0.0	0.0	1.0	1.0	1.0	5.0	1	1	0	1	1	497-1.png
2.0	0.0	0.0	1.0	1.0	1.0	5.0	1	1	0	1	1	497-2.png
2.0	0.0	0.0	1.0	1.0	1.0	1.0	1	1	0	1	1	497-3.png
0.0	0.0	2.0	2.0	1.0	1.0	1.0	0	1	0	1	1	498-0.png
2.0	0.0	2.0	2.0	1.0	1.0	0.0	0	1	0	1	1	498-1.png
2.0	1.0	2.0	2.0	1.0	1.0	1.0	1	0	0	1	1	498-2.png
2.0	1.0	2.0	2.0	1.0	1.0	1.0	1	0	0	1	1	498-3.png
0.0	1.0	2.0	2.0	1.0	1.0	1.0	0	0	0	1	1	498-4.png
2.0	1.0	0.0	2.0	2.0	1.0	2.0	1	0	0	1	1	499-0.png
2.0	1.0	0.0	2.0	2.0	1.0	2.0	1	0	1	1	1	500-0.png
0.0	1.0	0.0	2.0	1.0	2.0	3.0	0	0	0	1	1	501-0.png
0.0	1.0	1.0	0.0	2.0	1.0	5.0	0	1	0	1	0	502-0.png
2.0	0.0	2.0	0.0	1.0	2.0	2.0	1	1	0	1	0	503-0.png
1.0	0.0	2.0	2.0	1.0	2.0	3.0	1	1	0	1	1	504-0.png
2.0	0.0	0.0	2.0	2.0	0.0	2.0	1	1	1	1	1	505-0.png
0.0	1.0	0.0	2.0	1.0	1.0	2.0	0	0	0	1	1	506-0.png
2.0	1.0	0.0	2.0	1.0	1.0	6.0	0	0	0	0	1	508-0.png
2.0	1.0	0.0	2.0	1.0	1.0	2.0	1	0	0	1	1	509-0.png
2.0	0.0	2.0	2.0	2.0	2.0	1.0	1	1	1	1	1	510-0.png
2.0	0.0	1.0	0.0	2.0	1.0	3.0	1	1	0	1	0	511-0.png
0.0	1.0	0.0	2.0	2.0	2.0	2.0	0	0	1	1	1	512-0.png
1.0	1.0	0.0	2.0	1.0	1.0	2.0	1	0	0	1	1	513-0.png
2.0	1.0	0.0	2.0	2.0	1.0	2.0	1	0	1	1	1	513-1.png
2.0	1.0	2.0	0.0	0.0	0.0	3.0	1	0	1	1	0	514-0.png
0.0	1.0	0.0	1.0	1.0	0.0	6.0	0	0	0	0	1	514-1.png
1.0	1.0	0.0	2.0	1.0	2.0	6.0	0	0	1	0	1	515-0.png
0.0	1.0	2.0	2.0	2.0	2.0	6.0	0	0	1	0	1	516-0.png
0.0	0.0	0.0	2.0	2.0	2.0	1.0	0	1	1	1	1	517-0.png
0.0	1.0	2.0	0.0	1.0	1.0	1.0	0	0	0	1	0	518-0.png
2.0	1.0	2.0	2.0	1.0	2.0	3.0	1	0	0	1	1	519-0.png
0.0	1.0	2.0	0.0	2.0	1.0	3.0	0	0	1	1	0	520-0.png
0.0	1.0	0.0	1.0	1.0	1.0	2.0	0	0	0	1	1	521-0.png
0.0	1.0	0.0	0.0	2.0	2.0	1.0	0	0	0	1	0	522-0.png
2.0	1.0	2.0	2.0	2.0	2.0	2.0	1	0	1	1	1	523-0.png
1.0	1.0	0.0	1.0	1.0	2.0	3.0	1	0	0	1	1	524-0.png
0.0	0.0	0.0	2.0	1.0	1.0	4.0	0	1	1	1	1	525-0.png
2.0	1.0	0.0	1.0	1.0	2.0	3.0	1	0	0	1	1	526-0.png
2.0	0.0	2.0	0.0	2.0	0.0	4.0	0	1	0	1	0	527-0.png
0.0	0.0	2.0	0.0	2.0	2.0	3.0	0	1	0	1	0	527-1.png
2.0	1.0	0.0	2.0	1.0	2.0	5.0	1	0	0	1	1	528-0.png
0.0	0.0	2.0	0.0	1.0	2.0	4.0	0	1	0	1	0	529-0.png
2.0	0.0	2.0	2.0	2.0	0.0	4.0	0	1	1	1	1	530-0.png
0.0	0.0	2.0	0.0	2.0	1.0	5.0	0	1	1	1	0	531-0.png
2.0	1.0	2.0	2.0	1.0	2.0	0.0	0	0	0	1	1	532-0.png
2.0	0.0	2.0	2.0	2.0	2.0	2.0	1	1	1	1	1	533-0.png
0.0	0.0	0.0	2.0	2.0	2.0	4.0	0	1	1	1	1	534-0.png
2.0	0.0	0.0	2.0	2.0	0.0	3.0	1	1	1	1	1	535-0.png
2.0	0.0	0.0	2.0	1.0	2.0	3.0	1	1	0	1	1	536-0.png
0.0	0.0	2.0	0.0	2.0	2.0	2.0	0	1	0	1	0	537-0.png
2.0	0.0	2.0	0.0	2.0	1.0	5.0	1	1	1	1	0	538-0.png
2.0	0.0	2.0	2.0	1.0	2.0	6.0	0	1	0	1	1	539-0.png
2.0	1.0	2.0	0.0	2.0	2.0	3.0	1	0	0	1	0	540-0.png
0.0	0.0	0.0	2.0	1.0	2.0	2.0	0	1	0	1	1	541-0.png
0.0	0.0	0.0	2.0	2.0	1.0	6.0	0	1	1	1	1	542-0.png
0.0	1.0	0.0	2.0	2.0	1.0	6.0	0	0	1	0	1	542-1.png
2.0	0.0	1.0	0.0	2.0	2.0	5.0	1	1	0	1	0	543-0.png
2.0	0.0	2.0	0.0	2.0	2.0	2.0	1	1	0	1	0	544-0.png
2.0	0.0	2.0	2.0	2.0	2.0	2.0	1	1	1	1	1	544-1.png
2.0	0.0	2.0	0.0	2.0	2.0	2.0	1	1	1	1	0	544-2.png
2.0	0.0	2.0	0.0	2.0	2.0	2.0	1	1	0	1	0	544-3.png
2.0	0.0	2.0	0.0	2.0	2.0	2.0	1	1	0	1	0	544-4.png
2.0	1.0	0.0	1.0	1.0	2.0	1.0	1	0	0	1	1	545-0.png
2.0	1.0	0.0	1.0	1.0	2.0	1.0	1	0	0	1	1	545-1.png
0.0	0.0	0.0	1.0	1.0	2.0	1.0	0	1	0	1	1	545-2.png
2.0	0.0	0.0	1.0	1.0	2.0	1.0	1	1	0	1	1	545-3.png
0.0	0.0	0.0	2.0	2.0	2.0	2.0	0	1	1	1	1	546-0.png
2.0	0.0	0.0	2.0	2.0	2.0	3.0	1	1	1	1	1	546-1.png
2.0	0.0	2.0	2.0	2.0	2.0	2.0	1	1	0	1	1	546-2.png
2.0	1.0	2.0	0.0	2.0	2.0	3.0	1	0	0	1	0	546-3.png
0.0	0.0	2.0	2.0	2.0	2.0	3.0	0	1	0	1	1	546-4.png
2.0	1.0	0.0	2.0	1.0	2.0	3.0	1	0	0	1	1	547-0.png
2.0	0.0	0.0	2.0	1.0	2.0	3.0	1	1	0	1	1	547-1.png
2.0	0.0	0.0	2.0	2.0	2.0	3.0	1	1	1	1	1	547-2.png
0.0	1.0	0.0	2.0	1.0	2.0	3.0	0	0	0	1	1	547-3.png
2.0	0.0	0.0	2.0	1.0	2.0	3.0	1	1	1	1	1	547-4.png
2.0	0.0	1.0	0.0	2.0	1.0	2.0	1	1	0	1	0	548-0.png
2.0	0.0	1.0	0.0	2.0	1.0	2.0	1	1	0	1	0	548-1.png
2.0	0.0	1.0	0.0	2.0	1.0	2.0	1	1	0	1	0	548-2.png
2.0	0.0	1.0	0.0	2.0	1.0	2.0	1	1	0	1	0	548-3.png
0.0	0.0	1.0	0.0	2.0	1.0	2.0	0	1	0	1	0	548-4.png
2.0	0.0	2.0	2.0	2.0	0.0	2.0	1	1	1	1	1	549-0.png
0.0	0.0	0.0	2.0	2.0	0.0	2.0	0	1	1	1	1	549-1.png
2.0	0.0	2.0	0.0	2.0	0.0	2.0	1	1	1	1	0	549-2.png
2.0	0.0	2.0	2.0	2.0	0.0	2.0	1	1	1	1	1	549-3.png
0.0	1.0	2.0	0.0	2.0	0.0	2.0	0	0	0	1	0	549-4.png
2.0	0.0	2.0	0.0	1.0	0.0	2.0	1	1	0	1	0	550-0.png
0.0	0.0	2.0	0.0	2.0	2.0	2.0	0	1	0	1	0	550-1.png
2.0	0.0	2.0	0.0	1.0	2.0	2.0	1	1	0	1	0	550-2.png
0.0	0.0	1.0	0.0	2.0	2.0	6.0	0	1	0	1	0	550-3.png
2.0	0.0	1.0	0.0	2.0	2.0	2.0	1	1	1	1	0	550-4.png
2.0	0.0	1.0	0.0	0.0	1.0	4.0	0	1	0	1	0	551-0.png
2.0	0.0	1.0	0.0	0.0	1.0	4.0	0	1	0	1	0	551-1.png
2.0	0.0	1.0	0.0	0.0	1.0	4.0	0	1	0	1	0	551-2.png
0.0	0.0	1.0	0.0	0.0	1.0	4.0	0	1	0	1	0	551-3.png
0.0	1.0	1.0	0.0	0.0	1.0	4.0	0	1	0	1	0	551-4.png
2.0	0.0	1.0	0.0	0.0	1.0	4.0	0	1	0	1	0	551-5.png
2.0	0.0	1.0	0.0	0.0	1.0	4.0	0	1	1	1	0	551-6.png
0.0	0.0	1.0	0.0	2.0	1.0	4.0	0	1	0	1	0	551-7.png
2.0	0.0	1.0	0.0	0.0	1.0	4.0	0	1	0	1	0	551-8.png
0.0	0.0	1.0	0.0	0.0	1.0	4.0	0	1	1	1	0	551-9.png
2.0	0.0	2.0	0.0	1.0	0.0	1.0	1	1	0	1	0	552-0.png
2.0	0.0	2.0	2.0	2.0	0.0	1.0	1	1	1	1	1	552-1.png
2.0	0.0	2.0	0.0	2.0	0.0	1.0	1	1	0	1	0	552-2.png
0.0	0.0	2.0	2.0	1.0	0.0	1.0	0	1	1	1	1	552-3.png
0.0	0.0	2.0	0.0	2.0	0.0	1.0	0	1	0	1	0	552-4.png
0.0	0.0	2.0	0.0	2.0	0.0	1.0	0	1	0	1	0	552-5.png
2.0	0.0	2.0	0.0	2.0	0.0	1.0	1	1	0	1	0	552-6.png
0.0	0.0	2.0	2.0	2.0	0.0	1.0	0	1	1	1	1	552-7.png
0.0	0.0	2.0	2.0	2.0	0.0	1.0	0	1	0	1	1	552-8.png
2.0	0.0	2.0	2.0	2.0	0.0	1.0	1	1	0	1	1	552-9.png
0.0	1.0	2.0	2.0	2.0	1.0	3.0	0	0	1	1	1	553-0.png
0.0	1.0	2.0	2.0	2.0	1.0	3.0	0	0	1	1	1	553-1.png
0.0	1.0	2.0	2.0	2.0	2.0	4.0	0	0	1	1	1	554-0.png
0.0	1.0	0.0	2.0	1.0	2.0	3.0	0	0	0	1	1	555-0.png
0.0	1.0	0.0	2.0	1.0	2.0	2.0	0	0	0	1	1	555-1.png
2.0	1.0	2.0	2.0	1.0	2.0	3.0	1	0	1	1	1	555-2.png
2.0	1.0	1.0	0.0	2.0	1.0	3.0	1	1	0	1	0	556-0.png
0.0	1.0	0.0	2.0	2.0	2.0	4.0	0	0	1	1	1	558-0.png
0.0	1.0	2.0	0.0	2.0	2.0	6.0	0	0	0	0	0	559-0.png
0.0	1.0	1.0	0.0	2.0	2.0	6.0	0	1	0	0	0	559-1.png
2.0	0.0	2.0	0.0	1.0	0.0	5.0	1	1	0	1	0	560-0.png
0.0	0.0	2.0	0.0	1.0	0.0	1.0	0	1	0	1	0	560-1.png
1.0	0.0	0.0	2.0	2.0	1.0	6.0	0	1	0	1	1	561-0.png
2.0	1.0	2.0	0.0	2.0	2.0	6.0	0	0	0	0	0	561-1.png
0.0	0.0	2.0	2.0	0.0	0.0	2.0	0	1	0	1	0	562-0.png
0.0	0.0	2.0	0.0	0.0	0.0	3.0	0	1	0	1	0	562-1.png
0.0	0.0	0.0	2.0	1.0	2.0	3.0	0	1	0	1	1	563-0.png
2.0	1.0	2.0	2.0	1.0	2.0	3.0	1	0	0	1	1	563-1.png
2.0	0.0	2.0	2.0	2.0	1.0	3.0	1	1	1	1	1	564-0.png
0.0	1.0	2.0	0.0	2.0	1.0	3.0	0	0	0	1	0	565-0.png
2.0	0.0	2.0	0.0	2.0	1.0	3.0	1	1	1	1	0	566-0.png
0.0	0.0	2.0	2.0	1.0	1.0	5.0	0	1	0	1	1	567-0.png
2.0	0.0	0.0	2.0	1.0	1.0	5.0	1	1	0	1	1	567-1.png
2.0	0.0	2.0	2.0	1.0	1.0	5.0	1	1	1	1	1	567-2.png
2.0	1.0	2.0	2.0	2.0	2.0	6.0	0	0	1	0	1	567-3.png
2.0	0.0	0.0	2.0	1.0	1.0	5.0	1	1	0	1	1	567-4.png
2.0	0.0	2.0	2.0	2.0	1.0	5.0	1	1	1	1	1	567-5.png
0.0	1.0	0.0	2.0	1.0	0.0	3.0	0	0	0	1	1	568-0.png
1.0	0.0	1.0	0.0	2.0	2.0	2.0	1	1	0	1	0	569-0.png
0.0	1.0	0.0	2.0	1.0	1.0	2.0	0	0	1	1	1	570-0.png
2.0	0.0	2.0	0.0	1.0	2.0	4.0	0	1	0	1	0	571-0.png
2.0	0.0	2.0	0.0	2.0	2.0	2.0	1	1	0	1	0	572-0.png
2.0	0.0	1.0	0.0	2.0	2.0	6.0	0	1	0	1	0	573-0.png
2.0	0.0	1.0	0.0	2.0	0.0	2.0	1	1	0	1	0	574-0.png
0.0	1.0	0.0	2.0	2.0	0.0	5.0	0	0	1	1	1	575-0.png
2.0	0.0	1.0	0.0	2.0	2.0	1.0	1	1	0	1	0	576-0.png
2.0	0.0	0.0	2.0	2.0	1.0	2.0	1	1	1	1	1	577-0.png
2.0	0.0	0.0	1.0	1.0	1.0	5.0	1	1	0	1	1	577-1.png
0.0	0.0	2.0	0.0	2.0	2.0	3.0	0	1	1	1	0	578-0.png
2.0	0.0	1.0	0.0	0.0	2.0	4.0	0	1	0	1	0	579-0.png
2.0	0.0	2.0	2.0	2.0	0.0	4.0	0	1	1	1	1	580-0.png
0.0	0.0	2.0	2.0	0.0	2.0	4.0	0	1	0	1	0	581-0.png
2.0	1.0	0.0	2.0	1.0	2.0	5.0	1	0	0	1	1	582-0.png
2.0	1.0	0.0	2.0	1.0	2.0	1.0	1	0	0	1	1	582-1.png
2.0	1.0	0.0	2.0	1.0	2.0	1.0	1	0	0	1	1	582-2.png
0.0	1.0	0.0	2.0	1.0	2.0	1.0	0	0	1	1	1	582-3.png
2.0	0.0	0.0	2.0	1.0	1.0	1.0	1	1	0	1	1	582-4.png
2.0	1.0	0.0	2.0	1.0	2.0	2.0	1	0	0	1	1	583-0.png
1.0	1.0	0.0	2.0	1.0	2.0	2.0	1	0	0	1	1	583-1.png
0.0	1.0	0.0	1.0	1.0	2.0	3.0	0	0	0	1	1	583-2.png
2.0	1.0	0.0	2.0	1.0	2.0	3.0	1	0	0	1	1	583-3.png
0.0	1.0	0.0	1.0	1.0	2.0	2.0	0	0	0	1	1	583-4.png
0.0	1.0	2.0	2.0	2.0	1.0	2.0	0	0	1	1	1	584-0.png
0.0	0.0	2.0	2.0	2.0	1.0	2.0	0	1	1	1	1	584-1.png
0.0	1.0	2.0	2.0	2.0	1.0	2.0	0	0	0	1	1	584-2.png
2.0	1.0	2.0	2.0	2.0	1.0	2.0	1	0	1	0	1	584-3.png
0.0	0.0	2.0	2.0	2.0	1.0	2.0	0	1	1	1	1	584-4.png
2.0	0.0	0.0	2.0	2.0	2.0	1.0	1	1	1	1	1	585-0.png
1.0	1.0	0.0	2.0	2.0	2.0	1.0	1	0	0	1	1	585-1.png
2.0	0.0	2.0	2.0	2.0	2.0	5.0	1	1	1	1	1	585-2.png
2.0	1.0	0.0	2.0	1.0	2.0	1.0	1	0	0	1	1	585-3.png
0.0	0.0	0.0	2.0	2.0	2.0	1.0	0	1	1	1	1	585-4.png
2.0	0.0	2.0	2.0	1.0	0.0	2.0	1	1	0	0	1	586-0.png
2.0	0.0	0.0	2.0	1.0	0.0	2.0	1	1	0	1	1	586-1.png
0.0	0.0	0.0	1.0	1.0	0.0	2.0	0	1	0	1	1	586-2.png
2.0	0.0	0.0	1.0	1.0	0.0	2.0	1	1	1	1	1	586-3.png
0.0	0.0	2.0	0.0	2.0	2.0	2.0	0	1	0	1	0	587-0.png
0.0	0.0	2.0	0.0	2.0	2.0	6.0	0	1	0	1	0	587-1.png
0.0	0.0	2.0	0.0	2.0	2.0	6.0	0	1	0	1	0	587-2.png
2.0	0.0	2.0	0.0	2.0	2.0	6.0	0	1	0	1	0	587-3.png
2.0	0.0	2.0	0.0	2.0	2.0	6.0	0	1	0	1	0	588-0.png
2.0	0.0	2.0	0.0	2.0	2.0	5.0	1	1	0	1	0	588-1.png
0.0	0.0	1.0	0.0	0.0	2.0	5.0	0	1	1	1	0	588-2.png
0.0	0.0	2.0	0.0	2.0	2.0	6.0	0	1	0	1	0	588-3.png
0.0	0.0	1.0	0.0	2.0	2.0	5.0	0	1	0	1	0	588-4.png
0.0	0.0	1.0	0.0	0.0	2.0	5.0	0	1	0	1	0	588-5.png
0.0	0.0	1.0	0.0	0.0	2.0	5.0	0	1	0	1	0	588-6.png
0.0	0.0	2.0	0.0	0.0	2.0	6.0	0	1	0	1	0	588-7.png
0.0	0.0	1.0	0.0	2.0	2.0	6.0	0	1	0	1	0	588-8.png
2.0	0.0	1.0	0.0	2.0	2.0	5.0	1	1	1	1	0	588-9.png
1.0	1.0	1.0	0.0	0.0	2.0	3.0	1	1	0	1	0	589-0.png
2.0	0.0	1.0	0.0	2.0	1.0	4.0	0	1	0	1	0	590-0.png
0.0	0.0	2.0	0.0	2.0	1.0	3.0	0	1	0	1	0	591-0.png
0.0	0.0	2.0	0.0	2.0	1.0	4.0	0	1	1	1	0	592-0.png
0.0	0.0	2.0	2.0	1.0	2.0	1.0	0	1	0	1	1	593-0.png
2.0	0.0	2.0	2.0	1.0	1.0	4.0	0	1	0	1	1	594-0.png
1.0	0.0	2.0	0.0	2.0	1.0	3.0	1	1	1	1	0	595-0.png
0.0	1.0	0.0	1.0	1.0	1.0	1.0	0	0	0	1	1	596-0.png
0.0	0.0	0.0	2.0	1.0	1.0	5.0	0	1	0	1	1	597-0.png
0.0	0.0	2.0	2.0	1.0	2.0	4.0	0	1	0	1	1	598-0.png
2.0	0.0	2.0	2.0	2.0	2.0	4.0	0	1	1	1	1	598-1-.png
0.0	0.0	2.0	0.0	1.0	2.0	1.0	0	1	1	1	0	599-0.png
0.0	0.0	2.0	0.0	1.0	2.0	1.0	0	1	0	1	0	599-1.png
0.0	0.0	1.0	0.0	2.0	2.0	3.0	0	1	0	1	0	600-0.png
2.0	0.0	2.0	2.0	1.0	2.0	3.0	1	1	0	1	1	601-0.png
0.0	0.0	0.0	2.0	2.0	2.0	2.0	0	1	1	1	1	602-0.png
2.0	0.0	0.0	2.0	2.0	2.0	3.0	1	1	1	1	1	603-0.png
0.0	1.0	0.0	2.0	2.0	2.0	6.0	0	0	1	0	1	604-0.png
0.0	0.0	2.0	2.0	1.0	2.0	3.0	0	1	0	1	1	605-0.png
2.0	0.0	2.0	0.0	2.0	2.0	1.0	1	1	0	1	0	606-0.png
0.0	0.0	2.0	2.0	2.0	1.0	3.0	0	1	1	1	1	607-0.png
0.0	0.0	2.0	0.0	2.0	1.0	1.0	0	1	0	1	0	608-0.png
0.0	1.0	0.0	2.0	2.0	2.0	2.0	0	0	1	1	1	609-0.png
2.0	0.0	2.0	0.0	2.0	1.0	2.0	1	1	0	1	0	610-0.png
0.0	1.0	0.0	1.0	1.0	0.0	1.0	0	0	0	1	1	611-0.png
0.0	0.0	2.0	0.0	2.0	0.0	1.0	0	1	0	1	0	612-0.png
0.0	0.0	1.0	0.0	0.0	1.0	1.0	0	1	0	1	0	613-0.png
2.0	1.0	2.0	0.0	2.0	2.0	0.0	0	0	0	1	0	614-0.png
0.0	0.0	2.0	0.0	2.0	1.0	5.0	0	1	0	1	0	615-0.png
2.0	0.0	0.0	2.0	1.0	1.0	2.0	1	1	0	1	1	616-0.png
0.0	0.0	0.0	2.0	2.0	1.0	6.0	0	1	1	1	1	617-0.png
0.0	0.0	2.0	2.0	1.0	1.0	3.0	0	1	0	1	1	618-0.png
0.0	0.0	1.0	0.0	2.0	1.0	6.0	0	1	0	1	0	619-0.png
2.0	0.0	2.0	2.0	1.0	1.0	4.0	0	1	0	1	1	620-0.png
0.0	0.0	1.0	0.0	2.0	1.0	1.0	0	1	0	1	0	621-0.png
2.0	0.0	1.0	0.0	1.0	1.0	6.0	0	1	0	1	0	622-0.png
2.0	0.0	1.0	0.0	0.0	1.0	4.0	0	1	0	1	0	623-0.png
1.0	0.0	0.0	2.0	1.0	2.0	5.0	1	1	0	1	1	624-0.png
2.0	0.0	0.0	2.0	1.0	2.0	3.0	1	1	0	1	1	625-0.png
2.0	0.0	0.0	2.0	1.0	0.0	2.0	1	1	0	1	1	626-0.png
2.0	1.0	2.0	2.0	2.0	0.0	2.0	1	0	1	1	1	627-0.png
2.0	0.0	2.0	0.0	2.0	1.0	2.0	1	1	0	1	0	628-0.png
0.0	0.0	0.0	2.0	1.0	0.0	0.0	0	1	0	1	1	629-0.png
0.0	0.0	1.0	0.0	2.0	1.0	1.0	0	1	0	1	0	630-0.png
1.0	0.0	0.0	2.0	1.0	0.0	3.0	1	1	0	1	1	631-0.png
2.0	0.0	1.0	0.0	2.0	2.0	6.0	0	1	0	1	0	632-0.png
1.0	0.0	2.0	0.0	2.0	2.0	4.0	0	1	0	1	0	633-0.png
2.0	0.0	0.0	2.0	2.0	2.0	3.0	1	1	1	1	1	634-0.png
1.0	1.0	0.0	2.0	2.0	2.0	4.0	0	0	1	1	1	634-1.png
1.0	0.0	0.0	2.0	2.0	2.0	3.0	1	1	1	1	1	634-2.png
2.0	1.0	0.0	2.0	0.0	2.0	3.0	1	0	0	1	0	634-3.png
0.0	1.0	0.0	2.0	1.0	2.0	3.0	0	0	0	1	1	634-4.png
2.0	1.0	0.0	2.0	0.0	2.0	3.0	1	0	0	1	0	634-5.png
0.0	1.0	0.0	2.0	1.0	2.0	3.0	0	0	0	1	1	634-6.png
2.0	1.0	0.0	1.0	2.0	2.0	3.0	1	0	0	1	1	634-7.png
2.0	0.0	0.0	2.0	2.0	2.0	3.0	1	1	1	1	1	634-8.png
2.0	0.0	2.0	0.0	2.0	2.0	2.0	1	1	0	1	0	635-0.png
0.0	0.0	2.0	0.0	2.0	2.0	2.0	0	1	0	1	0	635-1.png
0.0	0.0	2.0	0.0	2.0	2.0	2.0	0	1	0	1	0	635-2.png
2.0	1.0	2.0	0.0	2.0	2.0	2.0	1	0	0	1	0	635-3.png
2.0	0.0	2.0	0.0	2.0	2.0	2.0	1	1	0	1	0	635-4.png
0.0	0.0	2.0	0.0	2.0	2.0	2.0	0	1	0	1	0	635-5.png
0.0	0.0	1.0	0.0	2.0	2.0	2.0	0	1	0	1	0	635-6.png
0.0	0.0	2.0	0.0	2.0	1.0	2.0	0	1	0	1	0	635-7.png
2.0	0.0	2.0	0.0	2.0	2.0	2.0	1	1	0	1	0	635-8.png
0.0	0.0	2.0	0.0	2.0	2.0	2.0	0	1	0	1	0	635-9.png
2.0	1.0	0.0	2.0	1.0	1.0	2.0	1	0	0	1	1	636-0.png
0.0	0.0	2.0	0.0	2.0	2.0	2.0	0	1	0	1	0	637-0.png
0.0	0.0	2.0	0.0	0.0	2.0	4.0	0	1	0	1	0	638-0.png
2.0	1.0	0.0	2.0	1.0	2.0	4.0	0	0	0	1	1	639-0.png
2.0	1.0	0.0	2.0	1.0	2.0	4.0	0	0	0	1	1	640-0.png
0.0	0.0	2.0	2.0	1.0	2.0	1.0	0	1	0	1	1	641-0.png
0.0	0.0	0.0	2.0	1.0	1.0	5.0	0	1	0	1	1	642-0.png
2.0	1.0	0.0	1.0	1.0	2.0	5.0	1	0	0	1	1	643-0.png
0.0	1.0	0.0	2.0	1.0	2.0	3.0	0	0	0	1	1	644-0.png
0.0	0.0	2.0	2.0	1.0	2.0	3.0	0	1	0	1	1	645-0.png
2.0	1.0	0.0	1.0	1.0	2.0	3.0	1	0	0	1	1	648-0.png
2.0	1.0	0.0	1.0	1.0	2.0	4.0	0	0	0	1	1	649-0.png
0.0	1.0	2.0	0.0	2.0	2.0	5.0	0	0	0	1	0	650-0.png
0.0	0.0	2.0	2.0	2.0	2.0	2.0	0	1	1	1	1	651-0.png
2.0	0.0	2.0	0.0	2.0	2.0	5.0	1	1	0	1	0	652-0.png
2.0	0.0	1.0	0.0	0.0	1.0	3.0	1	1	0	1	0	653-0.png
1.0	1.0	0.0	2.0	1.0	2.0	4.0	0	0	0	1	1	654-0.png
2.0	1.0	2.0	0.0	2.0	2.0	4.0	0	0	0	1	0	655-0.png
0.0	0.0	2.0	0.0	2.0	2.0	2.0	0	1	0	1	0	658-0.png
1.0	0.0	2.0	0.0	2.0	1.0	2.0	1	1	0	1	0	658-1.png
0.0	1.0	0.0	2.0	1.0	2.0	2.0	0	0	0	1	1	659-0.png
0.0	0.0	2.0	0.0	2.0	1.0	5.0	0	1	0	1	0	660-0.png
2.0	1.0	0.0	2.0	1.0	1.0	2.0	1	0	0	1	1	661-0.png
2.0	0.0	2.0	0.0	2.0	2.0	3.0	1	1	0	1	0	662-0.png
2.0	1.0	0.0	2.0	1.0	1.0	2.0	1	0	0	1	1	663-0.png
2.0	1.0	2.0	0.0	2.0	1.0	2.0	1	0	0	1	0	664-0.png
2.0	1.0	0.0	2.0	1.0	2.0	4.0	0	0	0	1	1	665-0.png
2.0	0.0	2.0	0.0	2.0	1.0	2.0	1	1	0	1	0	666-0.png
2.0	0.0	2.0	0.0	2.0	1.0	5.0	1	1	0	1	0	667-0.png
0.0	1.0	2.0	0.0	2.0	2.0	2.0	0	0	0	1	0	668-0.png
0.0	0.0	1.0	0.0	2.0	1.0	1.0	0	1	0	1	0	669-0.png
2.0	0.0	0.0	2.0	2.0	2.0	2.0	1	1	1	1	1	670-0.png
1.0	1.0	0.0	1.0	1.0	2.0	2.0	1	0	0	1	1	670-1.png
2.0	0.0	0.0	2.0	1.0	2.0	2.0	1	1	0	1	1	670-2.png
0.0	1.0	0.0	2.0	2.0	2.0	2.0	0	0	1	1	1	670-3.png
0.0	1.0	0.0	2.0	2.0	2.0	2.0	0	0	1	1	1	670-4.png
0.0	0.0	0.0	2.0	2.0	2.0	2.0	0	1	1	1	1	670-5.png
0.0	0.0	0.0	2.0	2.0	2.0	2.0	0	1	1	1	1	670-6.png
0.0	1.0	0.0	2.0	2.0	2.0	2.0	0	0	1	1	1	670-7.png
1.0	1.0	0.0	1.0	2.0	2.0	2.0	1	0	0	1	1	670-8.png
2.0	0.0	0.0	2.0	2.0	2.0	2.0	1	1	1	1	1	670-9.png
0.0	0.0	1.0	0.0	0.0	1.0	5.0	0	1	0	1	0	671-0.png
0.0	0.0	1.0	0.0	2.0	1.0	5.0	0	1	0	1	0	671-1.png
0.0	0.0	2.0	0.0	2.0	2.0	5.0	0	1	0	1	0	671-10.png
0.0	0.0	1.0	0.0	2.0	1.0	5.0	0	1	0	1	0	671-2.png
0.0	0.0	1.0	0.0	2.0	1.0	5.0	0	1	0	1	0	671-4.png
0.0	0.0	1.0	0.0	2.0	2.0	5.0	0	1	0	1	0	671-5.png
0.0	0.0	1.0	0.0	2.0	2.0	5.0	0	1	0	1	0	671-6.png
0.0	0.0	1.0	0.0	2.0	1.0	6.0	0	1	0	1	0	671-7.png
2.0	0.0	1.0	0.0	2.0	1.0	6.0	0	1	0	1	0	671-8.png
0.0	0.0	1.0	0.0	2.0	2.0	5.0	0	1	0	1	0	671-9.png
1.0	1.0	0.0	2.0	2.0	2.0	2.0	1	0	1	1	1	672-0.png
